# db6 scaling coefficients
1.115407433501094636213239172409234390425e-1
4.946238903984530856772041768778555886378e-1
7.511339080210953506789344984397316855803e-1
3.152503517091976290859896548109263966495e-1
-2.262646939654398200763145006609034656705e-1
-1.297668675672619355622896058765854608452e-1
9.750160558732304910234355253812534233983e-2
2.752286553030572862554083950419321365739e-2
-3.158203931748602956507908069984866905748e-2
5.53842201161496139251918398046501220611e-4
4.777257510945510639635975246820707050231e-3
-1.077301085308479564852621609587200035235e-3
