# db7 scaling coefficients
7.785205408500917901996352195789374837918e-2
3.965393194819173065390003909368428563587e-1
7.29132090846235119916943070339282051718e-1
4.697822874051931224715911609744517386818e-1
-1.439060039285649754050683622130460017953e-1
-2.240361849938749826381404202332509644758e-1
7.130921926683026475087657050112904822711e-2
8.061260915108307191292248035938190585824e-2
-3.802993693501441357959206160185803585446e-2
-1.657454163066688065410767489170265479205e-2
1.255099855609984061298988603418777957289e-2
4.295779729213665211321291228197322228235e-4
-1.801640704047490915268262912739550962586e-3
3.537137999745202484462958363064254310959e-4
