# db8 scaling coefficients
5.4415842243104009955009405202999355036e-2
3.128715909142999706591623755057177219497e-1
6.756307362972898068078007670471831499869e-1
5.853546836542067127712655200450981944303e-1
-1.582910525634930566738054787646630415774e-2
-2.840155429615469265162031323741647324684e-1
4.724845739132827703605900098258949861948e-4
1.287474266204784588570292875097083843023e-1
-1.736930100180754616961614886809598311413e-2
-4.408825393079475150676372323896350189752e-2
1.39810279173982816487229305726334514424e-2
8.746094047405776716382743246475640180402e-3
-4.870352993451574310422181557109824016635e-3
-3.917403733769470462980803573237762675229e-4
6.75449406450569366369547573879299121849e-4
-1.174767841247695337306282316988909444087e-4
