# db10 scaling coefficients
2.667005790055555358661744877130858277192e-2
1.881768000776914890208929736790939942703e-1
5.272011889317255864817448279595081924981e-1
6.884590394536035657418717825492358539771e-1
2.811723436605774607487269984455892876244e-1
-2.498464243273153794161018979207791000565e-1
-1.959462743773770435042992543190981318767e-1
1.273693403357932600826772332014009770786e-1
9.305736460357235116035228983545273226943e-2
-7.139414716639708714533609307605064767293e-2
-2.945753682187581285828323760141839199388e-2
3.321267405934100173976365318215912897978e-2
3.606553566956169655423291417133403299517e-3
-1.073317548333057504431811410651364448112e-2
1.395351747052901165789318447957707567661e-3
1.992405295185056117158742242640643211763e-3
-6.858566949597116265613709819265714196625e-4
-1.164668551292854509514809710258991891527e-4
9.358867032006959133405013034222854399688e-5
-1.326420289452124481243667531226683305749e-5
