# db11 scaling coefficients
1.869429776147108402543572939561975728968e-2
1.440670211506245127951915849361001143024e-1
4.498997643560453347688940373853603677807e-1
6.85686774916200511120938631696309793594e-1
4.11964368947907462925939648571066730743e-1
-1.622752450274903622405827269985511540744e-1
-2.742308468179469612021009452835266628648e-1
6.604358819668319190061457888126302656753e-2
1.498120124663784964066562617044193298588e-1
-4.647995511668418727161722589023744577223e-2
-6.64387856950252052789921553697120319182e-2
3.133509021904607603094798408303144536358e-2
2.084090436018106302294811255656491015158e-2
-1.536482090620159942619811609958822744014e-2
-3.340858873014445606090808617982406101931e-3
4.928417656059041123170739741708273690286e-3
-3.08592858815143165175459072627895330718e-4
-8.93023250666264613390082462264865398988e-4
2.491525235528234988712216872666801088221e-4
5.443907469936847167357856879576832191937e-5
-3.463498418698499554128085159974043214506e-5
4.49427427723651009541564828231013091641e-6
