# db15 scaling coefficients
4.538537361578898881459394910211696346664e-3
4.674339489276627189170969334843575776579e-2
2.060238639869957315398915009476307219306e-1
4.926317717081396236067757074029946372617e-1
6.458131403574243581764209120106917996433e-1
3.390025354547315276912641143835773918757e-1
-1.932041396091454287063990534321471746304e-1
-2.888825965669656462484125009822332981311e-1
6.528295284877281692283107919869574882039e-2
1.90146714007122982348489311658602051796e-1
-3.966617655579094448384366751896200668382e-2
-1.111209360372316933656710324674058608859e-1
3.387714392350768620854817844433523770865e-2
5.478055058450761268913790312581879108609e-2
-2.576700732843996258594525754269826392204e-2
-2.081005016969308167788483424677000162055e-2
1.508391802783590236329274460170322736245e-2
5.101000360407543169708860185565314724801e-3
-6.487734560315744995181683149218690816956e-3
-2.41756490761624281166722532630017960523e-4
1.943323980382211541764912332541087441011e-3
-3.734823541376169920098094213645414611388e-4
-3.595652443624688121649620075909808858194e-4
1.558964899205997479471658241227108816256e-4
2.579269915531893680925862417616855912944e-5
-2.813329626604781364755324777078478665791e-5
3.362987181737579803124845210420177472135e-6
1.811270407940577083768510912285841160577e-6
-6.316882325881664421201597299517657654166e-7
6.133359913305752029056299460289788601989e-8
