# db16 scaling coefficients
3.189220925347738029769547564645958687067e-3
3.490771432367334641030147224023020009218e-2
1.650642834888531178991252730561134811585e-1
4.303127228460038137403925424357684620634e-1
6.373563320837888986319852412996030536499e-1
4.402902568863569000390869163571679288528e-1
-8.975108940248964285718718077442597430659e-2
-3.270633105279177046462905675689119641757e-1
-2.79182081330282766826451959502687320434e-2
2.111906939471042887209680163268837900928e-1
2.734026375271604136485245757201617965429e-2
-1.323883055638103904500474147756493375092e-1
-6.239722752474871765674503394120025865445e-3
7.59242360442763158214849874394142246153e-2
-7.588974368857737638494890864636995796587e-3
-3.688839769173014233352666320894554314719e-2
1.029765964095596941165000580076616900529e-2
1.39937688598287310295045187367032972641e-2
-6.990014563413916670284249536517288338058e-3
-3.644279621498389932169000540933629387055e-3
3.128023381206268831661202559854678767821e-3
4.078969808497128362417470323406095782432e-4
-9.410217493595675889266453953635875407755e-4
1.14241520038722392644022809955566294584e-4
1.747872452253381803801758637660746874986e-4
-6.103596621410935835162369150522212811957e-5
-1.394566898820889345199078311998401982325e-5
1.133660866127625858758848762886536997519e-5
-1.043571342311606501525454737262615404887e-6
-7.363656785451205512099695719725563646585e-7
2.308784086857545866405412732942006121306e-7
-2.109339630100743097000572623603489906836e-8
