# db17 scaling coefficients
2.241807001037312853535962677074436914062e-3
2.598539370360604338914864591720788315474e-2
1.312149033078244065775506231859069960144e-1
3.703507241526411504492548190721886449477e-1
6.109966156846228181886678867679372082737e-1
5.183157640569378393254538528085968046217e-1
2.73149704032936350043125071914758648035e-2
-3.283207483639617360909665340725061767582e-1
-1.265997522158827028744679110933825505054e-1
1.973105895650109927854047044781930142551e-1
1.011354891774702721509699856433434802197e-1
-1.268156917782863110948571128662331680385e-1
-5.709141963167692728911239478651382324161e-2
8.110598665416088507965885748555429201024e-2
2.231233617810379595339136059534813756232e-2
-4.692243838926973733300897059211400507139e-2
-3.27095553581929378165536022217749445207e-3
2.273367658394627031845616244788448969907e-2
-3.042989981354637068592482637907206078633e-3
-8.602921520322854831713706413243659917927e-3
2.967996691526094872806485060008038269959e-3
2.301205242153545624302059869038423604242e-3
-1.436845304802976126222890402980384903504e-3
-3.281325194098379713954444017520115075812e-4
4.394654277686436778385677527317841632289e-4
-2.561010956654845882729891210949920221664e-5
-8.204803202453391839095482576282189866136e-5
2.318681379874595084482068205706277572107e-5
6.990600985076751273204549700855378627763e-6
-4.505942477222988194102268206378312129714e-6
3.016549609994557415605207594879939763476e-7
2.95770093331685675497990525881615136787e-7
-8.42394844600268017878707129692287706841e-8
7.267492968561608110879767441409035034159e-9
