# db20 scaling coefficients
7.799536136668463215861994818889370970511e-4
1.054939462495039832454480973015641498232e-2
6.342378045908151497587346582668785136407e-2
2.199421135513970450080335972537209392121e-1
4.726961853109016963710241465101446230758e-1
6.104932389385938201631515660084201906859e-1
3.615022987393310629195602665268631744967e-1
-1.392120880114838725806970545155530518265e-1
-3.267868004340349674031122837905370666717e-1
-1.672708830907700757517174997304297054004e-2
2.282910508199163229728429126648223086438e-1
3.985024645777120219790581076522174181104e-2
-1.55458750707267955931530787056246437436e-1
-2.471682733861358401587992299169922262915e-2
1.022917191744425578861013681016866083888e-1
5.632246857307435506953246988215209861567e-3
-6.172289962468045973318658334083283558209e-2
5.87468181181182649130067974208199716721e-3
3.229429953076958175885440860617219117565e-2
-8.789324923901561348753650366700695916503e-3
-1.381052613715192007819606423860356590497e-2
6.72162730225945683533685052140542556052e-3
4.420542387045790963058229526673514088809e-3
-3.581494259609622777556169638358238375765e-3
-8.315621728225569192482585199373230956924e-4
1.392559619323136323905254999347967283761e-3
-5.349759843997695051759716377213680036186e-5
-3.851047486992176060650288501475716463266e-4
1.01532889736702905079748878530605652253e-4
6.774280828377729558011184406727978221296e-5
-3.710586183394712864227221271216408416958e-5
-4.376143862183996810373095822528607606901e-6
7.241248287673620102843105877497181565469e-6
-1.011994010018886150340475413756849103197e-6
-6.847079597000556894163334787575159759109e-7
2.633924226270001084129057791994367121556e-7
2.014322023550512694324757845944026047904e-10
-1.814843248299695973210605258227024081459e-8
4.056127055551832766099146230616888024627e-9
-2.998836489619319566407767078372705385732e-10
