# db22 scaling coefficients
3.862632314910982158524358900615460368878e-4
5.721854631334539120809783403484493333555e-3
3.806993723641108494769873046391825574448e-2
1.483675408901114285014404448710249837386e-1
3.677286834460374788614690818452372827431e-1
5.784327310095244271421181831735444106385e-1
5.079010906221639018391523325390716836569e-1
7.372450118363015165570139016530653113725e-2
-3.127265804282961918033226222621788537078e-1
-2.005684061048870939324361244042200174133e-1
1.640931881067664818606223226286885712554e-1
1.799731879928913037252154295313083168388e-1
-9.711079840911470969274209179691733251457e-2
-1.317681376866834107513648518146838345478e-1
6.807631439273221556739202147004580559367e-2
8.455737636682607503362813659356786494358e-2
-5.136425429744413245727949984018884707909e-2
-4.653081182750671347875833607846979997826e-2
3.697084662069802057615318892988581825638e-2
2.058670762756536044060249710676656807282e-2
-2.348000134449318868560142854519364987364e-2
-6.213782849364658499069336123807608293123e-3
1.256472521834337406887017835495604463815e-2
3.001373985076435951229129255588255746905e-4
-5.455691986156717076595353163071679107869e-3
1.044260739186025323350755659184734060807e-3
1.827010495657279080112597436850157110235e-3
-7.706909881231196232880372722955519781656e-4
-4.237873998391800799531947768003976978197e-4
3.286094142136787341983758471405935405823e-4
4.345899904532003379046992625575076092824e-5
-9.405223634815760421845190098352673647881e-5
1.13743496621259317273614427486663921034e-5
1.73737569575618935616356507450540590686e-5
-6.16672931646757837215225166842297915217e-6
-1.565179131995160159307426993578204733378e-6
1.2951820573188775738897112323450681478e-6
-8.779879873361286276888117046153049053917e-8
-1.283336228751754417819693932114064887075e-7
3.761228749337362366156711648187743399164e-8
1.680171404922988885554331183691280245962e-9
-2.729623146632976083449327361739104754443e-9
5.335938821667489905169783227036804533253e-10
-3.602113484339554703794807810939301847299e-11
