# db23 scaling coefficients
2.719041941282888414192673609703302357098e-4
4.202748893183833538390034372523511472345e-3
2.931000365788411514736204018929480427874e-2
1.205155317839719336306053895611899089004e-1
3.184508138528652363416527748460472152791e-1
5.449311478735204282674240672421984387504e-1
5.510185172419193913452724227212507720514e-1
1.813926253638400136259098302138614937264e-1
-2.6139214803064411188567957352101184139e-1
-2.714020986078430556604069575184718123764e-1
9.212540708241805260646030910734894258578e-2
2.23573658242040231714951396082256171769e-1
-3.303744709428937875006612792463031409462e-2
-1.640113215318759250156057837165276039181e-1
2.028307457564929974897286607551313323419e-2
1.122970436181072886950734465075645977755e-1
-2.112621235622724100704783293549467048999e-2
-7.0207391574901109462042190119575653439e-2
2.176585683449997560776882472168730165799e-2
3.849533252256919901057154320407596073181e-2
-1.852351365015615979794689960740674782818e-2
-1.753710100303584537915846117408613551148e-2
1.275194393152828646243157404474947115053e-2
6.031840650024162816289878206037841640814e-3
-7.075319273706152814194039481466556204493e-3
-1.134865473356251691289337120013286756337e-3
3.122876449818144997419144765125750522438e-3
-2.465014005163512031940473100375377210863e-4
-1.061231228886651321139357625683805642194e-3
3.19420492709901150367653035969236699093e-4
2.567624520078737205563856675376636092315e-4
-1.500218503490340967673163290447832236259e-4
-3.378894834120903434270962452674534330904e-5
4.426071203109246077621875303440935335702e-5
-2.635207889249186237209225933170897825432e-6
-8.347875567854625544366043748844183086766e-6
2.39756954684024005740373950752564123951e-6
8.14757483477944777808544304142288143986e-7
-5.339005405209421154584783682848780965054e-7
1.853091785633965019353699857864654181729e-8
5.417549179539278736503176166323685597634e-8
-1.399935495437998845130909687361847103274e-8
-9.472885901812050535221582074673490573092e-10
1.050446453696543404071105111096438573423e-9
-1.932405111313417542192651899622541612314e-10
1.250203302351040941433216718217504240541e-11
