# db29 scaling coefficients
3.318966279841524761813546359818075441349e-5
6.409516803044434540833706729120596322083e-4
5.702126517773375434760843998623507494915e-3
3.077358022140837676716707336516751814713e-2
1.113701169517405304762186166370327770191e-1
2.806534559709829376968881262770480606501e-1
4.897588047621993143592705932993573539236e-1
5.513744327583751951223746071670135992467e-1
2.891052383358291634605691113586264061513e-1
-1.540287344599000542466293779503370141731e-1
-3.300409489175880520295083779487012611959e-1
-5.570680007294085781514541931715795784309e-2
2.361052361530259415983110734054626770649e-1
1.124191748731883764769740670535880543077e-1
-1.608779885941877360771615465531852333085e-1
-1.078459499387214201077881957354707913786e-1
1.144722958938182579734135930060053286268e-1
8.322074716244975790297348835032537357892e-2
-8.512549261563550232832311331420804581881e-2
-5.502748952532572320924541450626650067707e-2
6.347916458421186633577789314698972361082e-2
3.053154327270413646637328212093941030592e-2
-4.51879812777883451597970447530440569139e-2
-1.291714255426679462966473962555410660388e-2
2.947043187174764111028122319949903667639e-2
2.648327307678167915542397563479749119674e-3
-1.7041224573606689692341967434076151791e-2
1.737880332720511164430027824345354801611e-3
8.469725493560752287772961661104710791306e-3
-2.550807127789472659145072247724735637184e-3
-3.473798989681100630649790255076233970958e-3
1.877120925723650133179338154344873477231e-3
1.087053942226062966738944397844498417946e-3
-1.000778327085680541055696707760062870926e-3
-2.000711363076779808296301110796026470163e-4
4.111283454742767033424740543004041500055e-4
-2.292018041214499897382298271438084577065e-5
-1.29304484008072060916146693967822685244e-4
3.645026068562774967665464216602750761691e-5
2.913344750169041218495787251929571015775e-5
-1.657328395306616289863396387854880512977e-5
-3.593644804025187638066915189731950450035e-6
4.750609246452552850197117564759363194954e-6
-3.029054592052818286474228294307141792054e-7
-8.975701750636280734511651941681818767895e-7
2.633898386997696553900967704111473475368e-7
9.387197411095863026484410601284876812293e-8
-6.286156922010786166768503252870590953167e-8
1.076591906619196137385201975028785139608e-9
7.768978854770062238895964639391324551612e-9
-1.893995386171984147774611076618946011337e-9
-3.42680086326308900181101227888986420055e-10
2.407099453509342962399811991929330725187e-10
-2.940589250764532582888473974638273664245e-11
-7.832509733627817032356556582819494794884e-12
3.152762413370310423797539876893861621418e-12
-4.285654870068344101898185073376307686875e-13
2.219191311588302960934661700068023727738e-14
