# db31 scaling coefficients
1.648013386456140748122177817418358316441e-5
3.394122037769956699157160165352942212214e-4
3.236884068627721221829662672296912258338e-3
1.885369161298591269159568944275763469e-2
7.433609301164788697908776495388047669379e-2
2.07012874485235328619805544411191645062e-1
4.091922000374278563928213235836188963704e-1
5.511398409142754983590484577074663132075e-1
4.294688082061372955430413148799008354573e-1
2.716921249736946422305354732634261873402e-2
-3.109551183195075186926560285811004715399e-1
-2.17978485523563352169354450722010563164e-1
1.401782887652732681656253206993073895423e-1
2.249667114737370933697297905066886078307e-1
-4.992634916046823977000579399730138693075e-2
-1.869623608957154494374577196258383009209e-1
1.543698842948893409652995335281236231845e-2
1.450895009319931981518942907854879059129e-1
-8.139832273469236863527708715566588550007e-3
-1.07612773323495632666860551164801395238e-1
1.094129745236496925725237900637802669505e-2
7.535361174328140695528289751109133941377e-2
-1.488002661810482202699555987503429289101e-2
-4.861907546485433003537603385831190109391e-2
1.615417156598591113619453864586701665636e-2
2.804761936675616906861927211659154977049e-2
-1.427627527776351943309800140756746087215e-2
-1.390055293926652880755898888934447671732e-2
1.051763948737184089128633441244991643331e-2
5.516163573310992566561289762241160214477e-3
-6.52085237587461255332546968262853007921e-3
-1.428264223218909891400516038687842292177e-3
3.393066776715931928419358796960612411097e-3
-6.397901106014600492881202314307290077993e-5
-1.459041741985160943114515221598080223845e-3
3.431398296904734438118401084929505912208e-4
4.998816175637222614896912406679513231967e-4
-2.396583469402949615285646688069476140261e-4
-1.24341161725022866940917980738339919988e-4
1.089584350416766882738651833752634206358e-4
1.501335727444532997071651937630983442758e-5
-3.631255157860086164261313773172162991107e-5
4.034520235184278839752741499546098778994e-6
8.795301342692987765440618030678349427367e-6
-3.035142365891509630069007852947057220761e-6
-1.369060230942940782050489751987123955074e-6
9.810015422044371573950976088058064384946e-7
5.327250656974915426977440959783080593776e-8
-1.975925129170206248152121156696590501304e-7
3.61682651733100480524756721840579859133e-8
2.328309713821409644308538888589329921142e-8
-1.061529602150252306500404266150823962403e-8
-6.474311687959861398702581539341954438748e-10
1.408568151025177427076547804944585301332e-9
-2.524043954153353306183643702933218308618e-10
-7.348930032486263904766913919653624379586e-11
3.692108808871129411604189196259677640441e-11
-3.327008967125979929910636246337150851642e-12
-1.324334917243963163878274345609465717294e-12
4.445467096291932163298411852093011459626e-13
-5.559442050579014337641375730083534521514e-14
2.699382879762665647295493928801387173921e-15
