# db32 scaling coefficients
1.161463302135014885567464100760659332951e-5
2.46656690638090335273910421127466713447e-4
2.431261919572266100780423071905958127812e-3
1.468104638141913563547809006402194831108e-2
6.025749912033537081745451975527967031852e-2
1.757507836394388988189299915753348505208e-1
3.675096285973496361995340339143234125206e-1
5.34317919340953832290111785855218642553e-1
4.778091637339484033555130814414794130354e-1
1.206305382656178269538098710665261299392e-1
-2.666981814766755535489784087869865024227e-1
-2.774215815584272153338153320303401666681e-1
6.471335480551623831000090095167664918449e-2
2.483106423568801736064852157222867588792e-1
2.466244483969740441701479334808723214803e-2
-1.921023447085468984341365278247990525863e-1
-4.899511718467173853355943225576377418394e-2
1.452320794752866460838830744051944832327e-1
4.440490819993974022640619534046603571087e-2
-1.094561131160893831027722774343269232755e-1
-2.962787250844770491204452379051215505049e-2
8.087414063848395744090831590426327690819e-2
1.410615151610660772869738802931740150275e-2
-5.692631406247843550478416271158537960555e-2
-2.380264464932573834443178362086503847328e-3
3.705145792354468010437633458013030898015e-2
-4.145907660827218781460700428862611061267e-3
-2.166282283639119347634778516947485598599e-2
6.167527310685675112579059689520105004744e-3
1.101740071540688116532806119564345712473e-2
-5.4115682572757912085815024107523830506e-3
-4.649216751184411528658094984504900172989e-3
3.627224640687864960122122984391704782344e-3
1.468955100468467772528811782840480639167e-3
-1.964740555821778254183647540656746450093e-3
-2.211678729579097916278097586914956834197e-4
8.673058518450555343925662389563539890597e-4
-1.024537310607396186949656796812972062291e-4
-3.059654423826911750479261161552574500739e-4
1.053915461739828114700905192091104141076e-4
8.103678329134838389828091896334156224228e-5
-5.259809282684322782648914338377962890246e-5
-1.294045779405512723950480259110995722517e-5
1.824268401980691220603850117995712615809e-5
-6.361781532260254953363913076575914206506e-7
-4.558309576264423135123964145585288808181e-6
1.202889036321620990296134494079846952404e-6
7.560047625595947819392627283726711361273e-7
-4.285970693151457255418342315045357407199e-7
-5.003361868748230293692887222336390314786e-8
8.965966311957728376981484572655177545054e-8
-1.219924359483373093110396748985081720384e-8
-1.104383021722648979552131128575075255513e-8
4.250422311980592983740943309197245384992e-9
4.384387799940474369553236949848427579687e-10
-5.881091462634605628881794361152305108432e-10
8.904723796221605490455387579189371137903e-11
3.263270741332907875981844980104948375956e-11
-1.430918765169202320188022211739750594609e-11
1.075610653501062115165734990153347111903e-12
5.361482229611801638107331379599434078296e-13
-1.663800489433402369889818192962259823989e-13
2.000715303810524954375796020597627467105e-14
-9.421019139535078421314655362291088223782e-16
