# db33 scaling coefficients
8.186358314175091939858945975190102731734e-6
1.791016153702791479424389068736094134247e-4
1.822709435164084208084617771787691709256e-3
1.139594337458160925830840619716397130446e-2
4.861466653171619508385707681587366397165e-2
1.481863131800528081784673514426737436793e-1
3.267181301177075783930752787756046348844e-1
5.093761725149396552227892926384090200953e-1
5.11254770583267465542583187556845397337e-1
2.095823507130554216526494469993023406453e-1
-2.042026223985421049629055102642279430174e-1
-3.159974107665602561905181464284910961863e-1
-1.927833943695275915600583425408664108894e-2
2.454206121192791114179964351253140999837e-1
9.985155868033815698139640215477639365289e-2
-1.714280990518593279308738113273443832546e-1
-1.10844133116710791080608498305678319419e-1
1.219678564037346149389134584371009777592e-1
9.478808805061595889263191779090571160237e-2
-9.114696835133148913093153757138373418923e-2
-7.030248505405615921453280814171665167172e-2
7.019114394099653254998935842432841393916e-2
4.573456189389667743139040427641638967843e-2
-5.34712513358222891943111082466316858326e-2
-2.524858297747649929258392207837724793938e-2
3.868706076024496481748675031852528047303e-2
1.070326582001954942654534968137727769698e-2
-2.572876175473297336123211392278301875688e-2
-2.167758617353607324783298657172830203896e-3
1.531695411585766548347442266431874060229e-2
-1.59428878241460476863785644611139272406e-3
-7.953540387057939240459305406538116220678e-3
2.389062408165908575935815973439728988152e-3
3.480800953405711999411461002429227385938e-3
-1.860718214455795912074482150710567824317e-3
-1.204309257604658876916644980097327372892e-3
1.074380696351291355073899234941719080474e-3
2.727305847336937211749282358350196461734e-4
-4.908329007590351474487792254066540683725e-4
4.393166251766185755059005296958129844094e-6
1.780431898251245351831728023200069586929e-4
-4.160438516273709306234368807933932360568e-5
-4.92956442341730183431023148262157412741e-5
2.423335398816890365621188379922041046074e-5
9.070805757828453800203677464921508178468e-6
-8.866121366757736169176034432364298134187e-6
-3.607516102879771631230351118595069330196e-7
2.288371276141527305481395545993763010566e-6
-4.426923407952870147984002129341809185623e-7
-3.985791291985944076942626511739220753169e-7
1.822443332571053437467128998002798233969e-7
3.377972703730854377516206663481869099376e-8
-3.987838198518880722819502850814936369197e-8
3.672863576838181340505563759379169099718e-9
5.111211857347453839549366593998758891131e-9
-1.671392677251932495173219614104411841892e-9
-2.496402105246193648073519269370197331176e-10
2.426833102305682309891302883361232297664e-10
-3.049574453945863430361296931455141500128e-11
-1.420236859889936792437077844940412749343e-11
5.509414720765524548752673631197714447819e-12
-3.343481218953278765982532722689984725171e-13
-2.152488386833302618520603545685994753329e-13
6.214740247174398315576214699577230693021e-14
-7.196510545363322414033654470779070592317e-15
3.289373678416306368625564108782095644036e-16
