# db34 scaling coefficients
5.770510632730285627466067796809329117325e-6
1.299476200679530037833484815390569400369e-4
1.364061390059049998200014449396877439592e-3
8.819889403884978803182764563095879335331e-3
3.904884135178594138905026219591569204044e-2
1.241524821113768081954449898210969172708e-1
2.877650592337145629334256618087718872559e-1
4.784787462793710621468610706120519466268e-1
5.305550996564631773133260223990794445606e-1
2.903663295072749510455945186199530115756e-1
-1.282468421744371672912377747048558427613e-1
-3.315253015083869417715548463087537345036e-1
-1.038919155156404718287260506925867970596e-1
2.169072201874275950610018667099322465619e-1
1.666017504122074437311574334509261366683e-1
-1.273373582238011562843862636988693890109e-1
-1.609249271778668063014799490429649196615e-1
7.799184693794810738265349531832015087097e-2
1.341259602711361284802399913977387999358e-1
-5.448296806413904636632671383140642554266e-2
-1.029475969928140852342073823689090498245e-1
4.357609464963129726428486610925800727138e-2
7.318523543679560555546221335452045680758e-2
-3.70128384178624496035640212555419004075e-2
-4.74385596452777624722068141098385137789e-2
3.073974657395934459931226513844134346306e-2
2.722835075635419610095839895805858855203e-2
-2.367173792282636485046786438094940427456e-2
-1.314398001665716086105827506126287041343e-2
1.640937419986519252112261495537409592363e-2
4.713649260999809905918876125437488856236e-3
-1.004550670836151917439146861146431000365e-2
-6.194748845153872839014356621835501857322e-4
5.334950768759936032170270195983921511566e-3
-7.692127975067836975989490900561029844887e-4
-2.399453943537055863933124827688081952702e-3
8.589959874363661955444898475746536583498e-4
8.75199906407868873261057005522433973376e-4
-5.527355762144197975516415296735124460551e-4
-2.326732140233531635428863212833942245597e-4
2.650772397558057819755811309071002543822e-4
2.660050018453441903046828468025589086403e-5
-9.914697770780134603580350758869378471803e-5
1.353117227249649581251887376414486225127e-5
2.844951419697807376503080001943765930601e-5
-1.057657494257950623848316304755218120233e-5
-5.710826510998303938275050074333400305512e-6
4.169871758547028398316761659984928804362e-6
4.979718101421307748081857636471761057429e-7
-1.116306534817008428597995070751765080383e-6
1.448195708333185127061180618150009526759e-7
2.025990666667859216690536885693725545345e-7
-7.526701740412589411177481797841044281663e-8
-1.990346501531736915866180448337614967571e-8
1.740423332936068076497051274445147160191e-8
-8.665744261368722215864741166245385888819e-10
-2.316501946995482751582294240136010067415e-9
6.446378210323402313101214894500231181607e-10
1.300410318609415248880403259300467720631e-10
-9.904774537632409015479530333979124540183e-11
1.004208735461769864836516428998306778031e-11
6.080125354000167254059025929915591291116e-12
-2.107879108915301546285370395443778864676e-12
9.799451158211597727901178520526388692141e-14
8.579194051799733179793112298652600511487e-14
-2.317083703906408481078257081903089523234e-14
2.587338381935699555813538163144986688834e-15
-1.148944754480590128244815794312606245148e-16
