# db35 scaling coefficients
4.067934061148559026665247110206084571051e-6
9.421469475576740631603027533116630224451e-5
1.019122680375098109319314672751485080203e-3
6.807292884319132011971333979015625113494e-3
3.123628851149071453063391210769353068187e-2
1.034044558614783789938787754929279183986e-1
2.513073789944933128513251971488905042867e-1
4.435927392240354378183910489448494594782e-1
5.37008427509166102867069023171697454758e-1
3.603456405180473278744458573988718422538e-1
-4.3883881873934041113434793940972243121e-2
-3.238228649121161212147302807993176715625e-1
-1.817869767667278325788350264528191676841e-1
1.660413574907809195438433327470947940538e-1
2.172992893210892977675493456199559114036e-1
-6.526287131067753892154895911331108284007e-2
-1.919195892985939528760786800798636198516e-1
1.930954466601835091947734585938109944647e-2
1.552924803962371144206753760712566993987e-1
-4.752680834111350445288110998030979143711e-3
-1.205855226433935545076589480704957722635e-1
4.734229172641948763293980314992213293972e-3
8.991354757072954417865374195261962983644e-2
-9.318558949903924837875002823617504227247e-3
-6.335603744044346612098887534020545705732e-2
1.322854958503655524455929847605110719649e-2
4.125469306470509212749750814299126656152e-2
-1.436683978422007182104025173214012797789e-2
-2.416949780166026740294880681731084091265e-2
1.276645671565674419403918018742432714974e-2
1.228943600811871086161967625814297050611e-2
-9.577797899235709998147309703713518608283e-3
-5.085991649233429881797636583578921194675e-3
6.137754586740521089596801883631921221146e-3
1.428088794070762107355585870669842132609e-3
-3.357644380922383229567732565298665639037e-3
7.615969435172736546769649923895317451535e-6
1.549637469702362975561719246539787717204e-3
-3.346692164250854961608526121524596908041e-4
-5.864810318991817532175809224131456738367e-4
2.648328819961289039302810122699710966049e-4
1.700012283661249043584690194716767771204e-4
-1.365883072261161602559926714744746422568e-4
-2.976995962848509743944225866488519668585e-5
5.304143122913310222538317980686374696006e-5
-2.437001526827789860990429478540556752694e-6
-1.572442077270281693663288966405861215693e-5
4.308047861716731191350493437937513220737e-6
3.353345862871309889390877168046133657377e-6
-1.895929617693153288493891051875444439753e-6
-3.903931733287306166657519468494511920761e-7
5.30236861690476091707435263391574325077e-7
-3.700308378205124537986402644918879149894e-8
-9.990396944534900755781728477561240762191e-8
3.008188650719066928230268918661718274505e-8
1.084902733789934825266560240100449884703e-8
-7.458116552893037631192407611262788593506e-9
5.897951310384361575470355861162022501172e-11
1.030823345485433383811700481488557422005e-9
-2.433545573751672936168877250405940817227e-10
-6.407938256501889018430608323235974406219e-11
4.000536627253744510742788201354093006472e-11
-3.125639357108557540598098228678150768528e-12
-2.567065476155081449204643852428401530284e-12
8.015088533687900921948605418789324826116e-13
-2.597954328893848084315198205094389145707e-14
-3.39772085679626743195678382565906959694e-14
8.624037434720089202680337663692777682811e-15
-9.298012529324185420921555664719863501848e-16
4.014628712333488654318569164614220308046e-17
