# db36 scaling coefficients
2.867925182755946334630479473029238615536e-6
6.82602867854635869174862910220960536224e-5
7.602151099668488285869792677106082100141e-4
5.240297377409884366201603524392995696042e-3
2.489056564482796484885927333959115579403e-2
8.565209259526409083864716995521111486438e-2
2.177569530979008149637945915719999746249e-1
4.064336977082553467407793990250384445903e-1
5.322668952607286914777444748641462027214e-1
4.178753356009697863620634559374236455222e-1
4.397519752934862993862182898358763783111e-2
-2.944210395891145711100715969898758940722e-1
-2.468070369781255270524798278622698446567e-1
9.811420416311477050518401371401568038943e-2
2.465372776089742110529709111809595434656e-1
7.278515095792229009687682299460382878643e-3
-1.993372056086496198603363400094784142714e-1
-4.586140074639271639145126228774831743003e-2
1.541062366276428841776316300420654875884e-1
5.027618007353842862036816972809884096762e-2
-1.188037543101356316801816931383547446073e-1
-3.9880853575513175840916999679240440341e-2
9.115678225801654406336059281306715151059e-2
2.503872144956848989919484296709846860569e-2
-6.82090166368175112488043634426553869058e-2
-1.131910031681742794381808082173695022123e-2
4.851308354780908538616267662315735632293e-2
1.424972661765391603147802607378542396323e-3
-3.198072067763969654470293513742344601173e-2
3.984040198717004857397179486790082321314e-3
1.906359478062535932877576164368198274858e-2
-5.657813245058818380424016973516714570499e-3
-9.990263473281372348001743806489172665466e-3
5.022989106665829004699819220796538830394e-3
4.413484835350575251918616780287775585471e-3
-3.484541445404883311209541395428535732698e-3
-1.503074066296643749549363655363411879858e-3
1.990793771851737270404293245701878186601e-3
2.77681279571202606815238420760514038349e-4
-9.463403823261101964604918059447913047725e-4
8.614565758992702032613879159402330909635e-5
3.69350728496751050262004034188223668775e-4
-1.155118895843527096848376999413102395192e-4
-1.131899468084665671727391922924411467938e-4
6.694741196930590257104231749283786251556e-5
2.375106683660860777161950832380341362258e-5
-2.73139082465433791292234641472204540478e-5
-1.183471059985615942783182762352360917304e-6
8.372218198160788432628056043217491552199e-6
-1.586145782434577495502614631566211839723e-6
-1.870811602859180713762972281154953528056e-6
8.311421279707778528163597405935375886855e-7
2.54842352255657783121851905284438747882e-7
-2.455377658434232699135878286794578515387e-7
2.753249073339512254085076456700241929493e-9
4.799043465450992009934526867650497683546e-8
-1.156093688817008406756913949175208452084e-8
-5.612784343327791397474114357094368557982e-9
3.138841695782424018351567952158415003571e-9
1.090815553713751810964713058800448676068e-10
-4.512545778563249634425200856088490195004e-10
8.962418203859611987065968320295929679775e-11
3.037429098112535221800013609576297196062e-11
-1.599716689261357143200396922409448515399e-11
8.87684628721737421352439968289556405595e-13
1.07096935711401700242443347162119757906e-12
-3.02928502697487726889613458976947385467e-13
5.542263182639804235231685861028995158694e-15
1.338071386299105896025578761458472955295e-14
-3.204628543401749860439316638848579711789e-15
3.339971984818693213132578777712503670014e-16
-1.403274175373190617489823209168013922564e-17
