# db38 scaling coefficients
1.425776641674131672055420247567865803212e-6
3.576251994264023012742569014888876217958e-5
4.211702664727116432247014444906469155301e-4
3.083088119253751774288740090262741910177e-3
1.563724934757215617277490102724080070486e-2
5.788994361285925649727664279317241952513e-2
1.600719935641106973482800861166599685169e-1
3.307757814110146511493637534404611754801e-1
4.965911753117180976599171147718708939352e-1
4.93356078517100797572848534699731706497e-1
2.130505713555785138286743353458562451256e-1
-1.828676677083358907975548507946239135218e-1
-3.21675637808997862848347172540691636193e-1
-6.226650604782432226643360160478765847566e-2
2.321259638353531085028708104285994998672e-1
1.499851196187170199586403453788927307298e-1
-1.417956859730596216710053144522330276393e-1
-1.599125651582443618288533214523534937804e-1
8.563812155615105741612217814369165313487e-2
1.414147340733826800884683119379170594093e-1
-5.658645863072738145681787657843320646816e-2
-1.147311707107443752394144019458942779716e-1
4.309589543304764288137871223616030624247e-2
8.720439826203975011910714164154456762074e-2
-3.660510340287429567372071039506772372568e-2
-6.176620870841315993604736705613246241897e-2
3.198987753153780630818381136366859026137e-2
4.005498110511594820952087086241114309039e-2
-2.689149388089451438550851767715967313418e-2
-2.311413402054931680856913553585621248925e-2
2.09046452556552434021598236535134209467e-2
1.129049727868596484270081487761544232851e-2
-1.470188206539868213708986402816605045648e-2
-4.131306656031089274123231103326745723188e-3
9.214785032197180512031534870181734003523e-3
5.625715748403532005741565594881148757067e-4
-5.071314509218348093935061417505663002007e-3
7.169821821064019257784165364894915621889e-4
2.400697781890973183892306914082592143984e-3
-8.448626665537775009068937851465856973251e-4
-9.42461407722737796401594227178009828391e-4
5.81075975053286366202032106367819663341e-4
2.817639250380670746018048967535608190124e-4
-3.031020460726611993600629020329784682496e-4
-4.555682696668420274688683005987764360677e-5
1.262043350166170705382346537131817701362e-4
-1.155409103833717192628479047983460953382e-5
-4.175141648540397797296325065775711309197e-5
1.334176149921350382547503457286060922218e-5
1.037359184045599795632258335010065103525e-5
-6.456730428469619160379910439617575420987e-6
-1.550844350118602575853380148525912999401e-6
2.14996026993966520778954819979077059689e-6
-8.487087586072593071869805266089426629606e-8
-5.187733738874144426008474683378542368066e-7
1.39637754550835548122796158105996118452e-7
8.400351046895965526933587176781279507953e-8
-4.884757937459286762082185411608763964041e-8
-5.424274800287298511126684174854414928448e-9
1.034704539274858480924046490952803937328e-8
-1.436329487795135706854539856979275911184e-9
-1.349197753983448821850381770889786301247e-9
5.2611325573575984945357666387726245721e-10
6.73233649018930868574062696418262315976e-11
-8.278256522538134727330692938158991115335e-11
1.10169293459945455115083262216022423128e-11
6.291537317039508581580913620859140835853e-12
-2.484789237563642857043361214502760723611e-12
2.626496504065252070488282876470525379851e-14
1.808661236274530582267084846343959377086e-13
-4.249817819571463006966616371554206572863e-14
-4.563397162127373109101691643047923747797e-16
2.045099676788988907802272564402310095399e-15
-4.405307042483461342449027139838301611007e-16
4.30459683955879001625186747712279150885e-17
-1.716152451088744188732404281737964277713e-18
