# db39 scaling coefficients
1.005398254587199488245397359405820452133e-6
2.586231533439672722352268090487304135173e-5
3.128497778315871700027312556109470666163e-4
2.356944615371598775367316413038404314599e-3
1.23335972713083183941271431070056828487e-2
4.726538434015851340888120853126396543329e-2
1.359331971990893808720114912144124957192e-1
2.943354058834949213414967424812229545825e-1
4.69360861574043994202464412151580562481e-1
5.119412802903062581508604784057543776383e-1
2.875069470066633975438229461320046379501e-1
-1.087396499447620652392298668865599441449e-1
-3.276333104446339883321002707773231221843e-1
-1.409109678238693203052800154763305105781e-1
1.906181153183688648663583398987497305807e-1
2.04583542081524937539685312670716092716e-1
-8.356761089471334485888441013957252893743e-2
-1.933859291122483211612709923438825079363e-1
2.703273567597569689294129052403730271632e-2
1.626729482197941303393765525966444496402e-1
-4.415182344929370172927221226808464492366e-3
-1.307464830284543219615495085795315947775e-1
-4.005556605067611263806103888548719802597e-5
1.018018450939996399271417324371977536959e-1
-3.353953768726009912983885304409961184957e-3
-7.61855506964698231355096485341746931984e-2
8.459330732003626497823652409667581288292e-3
5.389833770004545002534777890344271648771e-2
-1.203939712997357949006732674986263140314e-2
-3.531914327004747618119525009694442741134e-2
1.295991745430550683416407865723341159092e-2
2.092509139312651646539922171846455211589e-2
-1.152005707286341449825397369202039630478e-2
-1.084151809479043263692030356958962034497e-2
8.746807511297606263627927959224214789782e-3
4.624657588836897924459974864864234703546e-3
-5.743222618011411346713925529123450672093e-3
-1.371066361053657644045513146509090187617e-3
3.262847803871778356250371212889187193459e-3
2.47559135962071059586275258422225470359e-5
-1.588803075176917154883571889822143753694e-3
3.232120199604127777542559232590203944143e-4
6.478077446468780027508564299515024939474e-4
-2.805222232444404226893724499807147105116e-4
-2.095398956238884318491813195389731006316e-4
1.589686298882853452568733348082794361994e-4
4.556329087223814332227525171997168464421e-5
-6.91003604627031064060921376582765657941e-5
-6.260348037785446913631155371188138219399e-7
2.365130159500138840852851602135675733789e-5
-5.172076269833735720566068617971066923071e-6
-6.176786347384425962376581050121830705866e-6
2.948671694078902130840884460616977690153e-6
1.071514145527868497754752076592789427067e-6
-1.040355634195469620201172453365553250738e-6
-3.484795783897558566056722180550434157331e-8
2.606422554711244986848319164738977711817e-7
-5.205718644798623883908471630304444735984e-8
-4.464165722555996589467605731318242577276e-8
2.095778717189182743310700940812301323214e-8
3.777381706053842218565207073756730854755e-9
-4.66010443886316358712316925649394205523e-9
4.328950369759071477202285046780114685887e-10
6.353904974881678810786233363610936044318e-10
-2.091524969021672858072036802954716248004e-10
-3.811239040468319679350459955469635911635e-11
3.47584114287894846950483755966177092668e-11
-3.590357840627938956378995207168168032557e-12
-2.777498556446502034741986480047183365323e-12
9.653754702557348486008257981014424612357e-13
1.202403210577486137485149899171234512786e-14
-7.336937788258525116006451151810737765372e-14
1.577361133028513071317271185993961681342e-14
4.105089787084966539942933496995406470207e-16
-7.944420634954080187980777139113113513912e-16
1.629983170329373630945768712956442807218e-16
-1.544493870023554927135591330537211234406e-17
6.004224374594390598407530366667013643836e-19
