# db40 scaling coefficients
7.090105865927872349375090961182382373085e-7
1.869233618081083944559466095568550983605e-5
2.320951314106758005358064832056637010874e-4
1.798100754698089245594504220126224564452e-3
9.698477819178468643112493806653384340484e-3
3.842813677142260493760379201329038457722e-2
1.147655147691482235974419014916229440016e-1
2.597778629259369773418733110933202502503e-1
4.381608746916242037563709350283511649662e-1
5.190320816703151715807920502085038445828e-1
3.520958743005181639877050691366431432788e-1
-2.817055514605711076513072020246611845471e-2
-3.127580923586854650961772004236611929424e-1
-2.102758626732000535710046558935906357009e-1
1.311980049595850991181060634089982113168e-1
2.401773876008110198268175618652925366933e-1
-1.395074943205731969296938641901305122975e-2
-2.045253695122213000803027573076753783545e-1
-3.814728746272645287625871543735402514037e-2
1.618559656980487901442049161371756525223e-1
5.216602960048261186104419649014274141258e-2
-1.267323142934771974558780505040186482739e-1
-4.741098453743561652379101911353529275592e-2
9.942012353542125716334401991101027355523e-2
3.492836214064247743420517953672384961488e-2
-7.729617588141256948165847396171759229857e-2
-2.094375338856452796715010850902183696077e-2
5.834101570754830816397717625470387159677e-2
8.950082914013583666954709328052729684953e-3
-4.17948769056301973419409396567092492018e-2
-5.947759477777722050378438948812268152643e-4
2.781037936033439320713234646269188884302e-2
-3.888072102016224689628793669942752213655e-3
-1.682173573542106248665614507598065118739e-2
5.245056521658100464415013688808186839594e-3
9.018569662243088164716024752895359662894e-3
-4.673573176879535593957529008873290930151e-3
-4.124490396087889372273131214370722539377e-3
3.321308069942231640863833634268374736942e-3
1.483929956215772931307361107514250196105e-3
-1.974759731953972013690352571915288000399e-3
-3.118737344375740745651610498444428313387e-4
9.929168880440733235680084731655577809121e-4
-7.084874654940465506561844795025538707028e-5
-4.181624718418843337652980075677719417414e-4
1.211129898095737663132113218270081181601e-4
1.425276115627076203661197735647439722701e-4
-7.878482412788161781549619753965676151209e-5
-3.566471897946644980212862055246456493354e-5
3.629511755337447012273158958684667206242e-5
4.066017966624918303683310316248222422295e-6
-1.288832024135753665721535152679578326233e-5
1.65502572501591180291899400733950158126e-6
3.507833286839677475632214444318501267159e-6
-1.280431447788104701464688672356969096175e-6
-6.686348887030258300213418536460109692131e-7
4.883465250669154864398878487617049459919e-7
5.361231679167275928776775013634709383499e-8
-1.274508929984343963422462785867989115562e-7
1.741069440304779519495263618202407919306e-8
2.2884041448442447931690305878225030548e-8
-8.739728473104180766546397013346776330092e-9
-2.273333923665304867156099771738660157503e-9
2.059388696929804245146158314586353911594e-9
-9.962715070308606837446204885195180842543e-11
-2.928837115350596382191284419199551370233e-10
8.133927686251150144015535041254891445105e-11
1.995298578893095817791913681515532204002e-11
-1.441467866087487499024165592883447439579e-11
1.075296566260783726368929888656637860945e-12
1.206682463299092008632290520495185259825e-12
-3.714677920781769602905055798391432732491e-13
-1.352269600045131880832256069404092093645e-14
2.953829660364914090211781249981322338804e-14
-5.818104870795009481972354760561370185936e-15
-2.45022028347759908833928721947275118138e-16
3.074567926273787734612771694528439311167e-16
-6.023377932416693365501788092363030623676e-17
5.539739139065875804233546739053084397438e-18
-2.101253507623219314562585170335100716961e-19
