# db41 scaling coefficients
5.000275977448538580864219785128021474489e-7
1.350294464841155111164183220965725647368e-5
1.719790914029707241699647754293393343097e-4
1.369072691659422951452150824970089999799e-3
7.60455009076476048376285233358849371232e-3
3.111921965489704758592460214474433635969e-2
9.636877087404976932384201545394801107959e-2
2.275524554530025308038065520997180574248e-1
4.044902141870622840858366381084357279386e-1
5.159970681353406175417727941412014442793e-1
4.054681461174071865546770068461827728237e-1
5.465636464064183548767278938163197149393e-2
-2.788748710540759422914479095082610707917e-1
-2.655828799628422080679344204432912044713e-1
5.938215041295843945006551824612611417087e-2
2.535618026431114270903857700323782832488e-1
5.937948457037657535016688045821605456972e-2
-1.918957302720484277420416446214528522747e-1
-1.014142399856236016616585270708649712397e-1
1.385297494824870446133501447132456232366e-1
1.046664867887195137078043160975835822309e-1
-1.023521025887499998180941726025942884421e-1
-9.105747670766138845779939366245691424694e-2
7.915861269349713240928267669458976988471e-2
7.127419486002285838429901769237928961454e-2
-6.335743195339169080066555136337098810943e-2
-5.064777695422495912585523219053982283696e-2
5.091931518270169970898606558793191529238e-2
3.214958169967704018732677152891149596634e-2
-3.975435931292572816699512559822092368614e-2
-1.7465568800812482473669644755089168914e-2
2.932548185592881374505711229096206659715e-2
7.250889410782886559215063209603670669601e-3
-1.999847041489785626195139992828395816421e-2
-1.242156925093998976790228163888320903571e-3
1.237507143471313569640501465529729714302e-2
-1.486135327228245316764745147204303889613e-3
-6.813973006884493954717936190983957989466e-3
2.126801396114478574302020652726052315678e-3
3.250263738813773864464928674489375162399e-3
-1.758959322165757046393968447391922570596e-3
-1.279192986868908882815597220991480785868e-3
1.122838724128474418818356481778939475817e-3
3.655924935138212835547750874084388653339e-4
-5.884779163737723255016804441705934933708e-4
-3.318659720824596388720994045937867961874e-5
2.560380523183167795515848287829373297913e-4
-4.286391447939624562605479882749026479781e-5
-9.086053702198297146921898720165631816821e-5
3.646286965921982581128800321685560008275e-5
2.47247755803245303663112559618382938865e-5
-1.826929411250637701238532929801311625797e-5
-4.104034914047063370642116109538543377728e-6
6.775412733017085581991713948983324041859e-6
-2.920714542587523876550136817210312179336e-7
-1.915340120250448489056853468209657703867e-6
5.212323623946436841515943167250564690506e-7
3.90431347159003057657102704019844881733e-7
-2.221077154482925474031666306350601499686e-7
-4.300601030258867919369789439044736799937e-8
6.076574620870964017616472635918137728691e-8
-4.679486501676558739372743606070658499056e-9
-1.138540157707956649610991372810118218022e-8
3.528881994318623590034941093385262556148e-9
1.26115002184762028311944662127386628438e-9
-8.934145108539460724052544175945969460754e-10
3.540267049554469655551956697150803130276e-12
1.324835397479794230263536084286375346394e-10
-3.084804800482839885975604476036758761512e-11
-9.928763443037371037261503950469899861616e-12
5.906782652468822922595528084814671747252e-12
-2.7420039483790029924524607572996667488e-13
-5.170173505101894153039564656335193620569e-13
1.41532896277441387178604400966602432894e-13
8.741111812670915675694772348897264715329e-15
-1.180979589864572148028675035968896563595e-14
2.132176486339592540602513836939299828533e-15
1.263679799267589542010995090011512675873e-16
-1.1858160542220843468662854559400598686e-16
2.223193914602862110973812770188992174756e-17
-1.986318200984738224827651632529219380378e-18
7.355535731327443374971089742710865487357e-20
