# db42 scaling coefficients
3.526636364286342061289301708767254967976e-7
9.749292580306743211710161243323201591778e-6
1.27288775799998806015555975509524815485e-4
1.040470843574591837010435913614220792984e-3
5.946556720878660327451264852583279447809e-3
2.51060929172148915329281961159259379712e-2
8.050956524626523187137303628548220220109e-2
1.979326504152737819732696613624864067958e-1
3.696357965350609356822392019026557657851e-1
5.043726811430866695070884568729435361549e-1
4.47002763836229726747135866300790101321e-1
1.35981722693238457271871779676961356728e-1
-2.288002604130170286890757545699914253783e-1
-3.034925943696097777047995464399628022599e-1
-1.864321893261523252088662485581704389138e-2
2.438666004912077035688095935152100036272e-1
1.286959277890045152972686377165275172835e-1
-1.569527970451522408935440480819194976971e-1
-1.547236652549297947865691295015758214296e-1
9.545108252436957098140184440642199881106e-2
1.452054215747539573463363746655730905792e-1
-6.058434433350979312889890199805768833112e-2
-1.234412979666844750978760714802213908501e-1
4.337377187160857916293824351129963716691e-2
9.868158657623167612628718495369966988003e-2
-3.559618341166252520498228297420199760069e-2
-7.448907839634599450243409471570284472445e-2
3.159945137831968003383564604537785880104e-2
5.25697675448516640112471967195204426434e-2
-2.81210274743093110776004199045716703205e-2
-3.406227073604585058975686615287748452974e-2
2.380076747282859350023953806828322090606e-2
1.970630615086968201266935946547774802585e-2
-1.861078171152428719819916060953309510942e-2
-9.688325579805693706361900876777964121336e-3
1.322557464863386891772752579839225175342e-2
3.57620749920675566123637811970336451379e-3
-8.439329474898764281284346527686044566625e-3
-4.728646177766794933327977401361511931032e-4
4.774289105483181377130836900317507004559e-3
-6.831117687762607118547511808568998378948e-4
-2.351499393222624326857113531147048979048e-3
8.253317419881049747804349712847321542256e-4
9.766259727601083500492566741100473506132e-4
-5.95505347700871563538046144721918087063e-4
-3.183144382988080302382923585465501386968e-4
3.310215446029941952118066228452903307949e-4
6.307457255623613757437233654587339283614e-5
-1.495196872564145428270102415769982245591e-4
8.251835850709159874551409295564927701673e-6
5.499007815912442853179346115213480985037e-5
-1.53656251947806596329199565273080275762e-5
-1.585745843469400221512671748661471116733e-5
8.780614720548935251944230135181271136009e-6
3.136083895102734633032999375661313547071e-6
-3.44064991845154994262248148181943120089e-6
-1.441204099721664768059787038111841734262e-7
1.010550659570942222343320134343863614651e-6
-1.931163548038220932715619198061759907048e-7
-2.171193420489475592389828338157840416409e-7
9.761636509284969222495059432926691825546e-8
2.840715928015589497597977013686376340318e-8
-2.827750348547392429424546655049529568128e-8
5.263852568395249662547221916385488520516e-10
5.520301941446087616585054048485442761156e-9
-1.3706728466837231774096849415643854471e-9
-6.629267621703702552619281134953669218603e-10
3.805131956217523585221155897852954952864e-10
1.585665881858158594426487952618470206533e-11
-5.891960216661175088917401531552285837009e-11
1.135214259114607428779540973546664045968e-11
4.763760506308811940109045001126566247264e-12
-2.392194026690540752460124225367213351648e-12
4.359339482315691294663864140767796145028e-14
2.188240534322504733896835089065183241473e-13
-5.337310169286377533502751172120865640618e-14
-4.756554408460117222130191355348846878528e-15
4.69151254952173618549477608950446879533e-15
-7.760972591348542110041387998817556443965e-16
-6.038473499146810745694843639149202366402e-17
4.559124670822791028943941250193323228925e-17
-8.196388852802439934349075422495916127094e-18
7.119855846431430943774208642547023314575e-19
-2.575483536848761400718901290187939861854e-20
