# db46 scaling coefficients
8.730930298199276524406228645355612203106e-8
2.637200051687637568239718091683618782421e-6
3.780455996028895035203416555413048019676e-5
3.412784082698249988894158525132122024422e-4
2.169721323920158457659403565726592031651e-3
1.028436181045198024225666534013014327583e-2
3.748395829800585984160405477923967188053e-2
1.065868095222242691587635485986071818115e-1
2.365780595208475511126089727837252934415e-1
4.030443526350386807477200467902143802688e-1
5.016293606435540549356822359604653798318e-1
3.927754114339119547225615828183441285119e-1
6.090752452577616872631799707398752127279e-2
-2.650944378492883310697591138530120243949e-1
-2.774321481689292941739715065836953442664e-1
2.547555337534370486606023805912339508419e-2
2.511366432333149679449875960397424321119e-1
1.034089905913437854633955733817242709379e-1
-1.718271557909604897629624321386552977345e-1
-1.456890471757560339488711742676179659188e-1
1.069482974335943518979908926584457410707e-1
1.458727721997159891087110760758437251733e-1
-6.655253256058020814804459370260262366501e-2
-1.294800274739589417407184061536208100477e-1
4.497832841608295245139699212626238613299e-2
1.078088278334509970178961602161985917329e-1
-3.485420077096887473539879921427542064986e-2
-8.536461945353315419480378719886013555466e-2
3.041288899624457215697542131253824372555e-2
6.406700456776727532774076987037602649776e-2
-2.784301756371145430462030585555788206922e-2
-4.503940951531360481298042049829741802896e-2
2.504103950304739102767761378801174859407e-2
2.912416015887272632085136692614473123714e-2
-2.125809321345770015121447806453494711029e-2
-1.685275622444529023220466686475768562969e-2
1.66764367818210558579685793913231473478e-2
8.301966148047782201657426264275936579288e-3
-1.193905246569346232264884677847779240594e-2
-3.061072774204244994060816105029795319658e-3
7.723669289500012977666718048908927263358e-3
3.664606457059949941508783362687300388807e-4
-4.464814627619997938470229095084777209907e-3
6.631471885683370974870823840260595390329e-4
2.268872873473163421907156609548336061278e-3
-8.039208657833218413971659626641235253622e-4
-9.847892670854186535566859259220542446223e-4
6.001294071922300768398725317813162130167e-4
3.427872134219350791034674420942382610248e-4
-3.502857223684358261500755857050804330741e-4
-7.780166210138682964538972253904907989406e-5
1.68576149004456510718600992029786910755e-4
-4.403573269428315508339271650111339285198e-6
-6.728043616809597415469192817632175351581e-5
1.669108754892206519744641658678801811843e-5
2.167777785068707962994366458245415707148e-5
-1.095883573999630610015220546520735060795e-5
-5.141898907910996429852233684869658456547e-6
4.876706846936830707783878146670345900158e-6
5.661998770857780841690761993837694639245e-7
-1.6583427268407095809699369246165465439e-6
2.088281149650772835101887812820625281102e-7
4.319622603103234446598433418773181387087e-7
-1.571719949702816867573828816983976925962e-7
-7.873364293027796521888732594222934697943e-8
5.813298431603661234766179232068677637238e-8
5.764845603553912932326840558035300421503e-9
-1.48326531564353815897344206589282813152e-8
2.142794325354533232590309767472460670621e-9
2.632431486951665749226763445544129699131e-9
-1.035829359473696503879430641286000454265e-9
-2.614734848356705518237649638224546940676e-10
2.464455181111864021191783408100168721904e-10
-1.227404865329215991812804874486397416171e-11
-3.661294404569660203107676517386091493755e-11
1.024724405541244642159637554914386305036e-11
2.807944195758404851252353277228990324855e-12
-1.989828760600091197765649860277725990366e-12
1.112843179132559283164247437533566230203e-13
1.998810339614340403864345030497238083759e-13
-5.710834479121435774594672339296365713168e-14
-6.114664577617398825086209910631690128745e-15
6.347019887594212897664794620366430246268e-15
-9.569139106270623614436513197736645148966e-16
-2.281047313750628699161183365826589271258e-16
1.104357859646577230519792696551616994964e-16
-1.2587028157853166511778284113045921054e-17
-2.213934473346605033254654656988914292622e-18
9.695506839647121807571556725543546964129e-19
-1.498877168651306850407034147276277679705e-19
1.171938673240701763022657778288190966022e-20
-3.879916073595104249964258854422902231408e-22
