# db47 scaling coefficients
6.15940758682929161560009498952629343642e-8
1.899881720787552955694379056286217816409e-6
2.784234455462349001372208894021526075685e-5
2.5728312785576126467208716618980955993e-4
1.676997813073825675129998064449532943968e-3
8.165655954954953145528822255160503081514e-3
3.065235878733593323960220327960657490768e-2
9.008727013411859192222446777383632663352e-2
2.077530755739148680516051627335637812087e-1
3.709333342439679459793977258463181916363e-1
4.922693937240217885577929310348538260796e-1
4.323187492159711950223109226959303160294e-1
1.374870134108172545932294282904589996505e-1
-2.144879811507358686977745195407788398583e-1
-3.076326678673112137200108566915499192046e-1
-5.033064595225946159416531322514758550163e-2
2.301929526827725151156271956153677568181e-1
1.650463506078424300982422374028463799833e-1
-1.244350295679541739212786169077548267199e-1
-1.86234788434311512641344250922291390873e-1
5.165617531600115464218012227923938651599e-2
1.70513910974261604037229754685233545542e-1
-1.282730996376102545848594120474747226382e-2
-1.450241985026617364649926426673962705668e-1
-3.073053896648511794024972521401913510707e-3
1.194230045375798396903845170876762986336e-1
5.860276193859666836115095158622701309752e-3
-9.608493659970691998813060536932397610752e-2
-2.346646621029347341367194887305786876814e-3
7.512148376524180330378898781649531590569e-2
-3.066153797137021039173468253430626701296e-3
-5.638104412455001079866006094052680866743e-2
7.742834572614214862972526571083439802423e-3
4.001224545034089879291259016417993064448e-2
-1.041267325770871024141014314229764244422e-2
-2.639272941214622369886763273860802214479e-2
1.085883054438119218898730370480532013292e-2
1.584684006687069640389863834270599379837e-2
-9.570692664591214011326979626200387203499e-3
-8.403082903305041208656546339547191634342e-3
7.354349736369128110288405995166350878624e-3
3.716914616008717641347476888253972327634e-3
-4.983764186713446764263958459411938858995e-3
-1.16548750554302668049156568897147056298e-3
2.981939657998043678474170554131638382089e-3
3.484694996702409586412884581247192941472e-5
-1.56433229597928960177792738574060267595e-3
3.033905079499040379814322128947871117399e-4
7.069515077070861190651187712634543166807e-4
-2.939790279700085578507702656410914573797e-4
-2.646894909139946539691862346702584296151e-4
1.889802601143242389355958080794824724037e-4
7.396903577655533407421824135559418431409e-5
-9.574898720534707629835500196993674953591e-5
-8.970973657992135731251990831695438488673e-6
3.969136596005918700458503526941889966412e-5
-5.461173333762963950085142334384552798761e-6
-1.335589447688230596335212202169755929625e-5
4.951332567332061102163447731341438170498e-6
3.444963694246753411207307747441411001229e-6
-2.415014661693977517891698066008233258585e-6
-5.422937465647046120463669729378446274706e-7
8.612729037364489512393718411286105846236e-7
-3.821658992928896916951481860633964725455e-8
-2.339614654615170560602729725635537767095e-7
6.411675627320384417607025408291045724929e-8
4.587324370033803734766980339313520186644e-8
-2.647129831865968541893782904609353942924e-8
-4.780201373182087518131659425286147081213e-9
7.097039590516165226854160514818984676734e-9
-6.038137692933519600852344704350364382292e-10
-1.319823493923118568475555927722750746921e-9
4.22063316542595463601433551832243483494e-10
1.474401429626755125808385082102587852631e-10
-1.079887292038585925340782176582771308651e-10
3.847898482211001058317094584162550755581e-13
1.678010861733648044637696376920841792726e-11
-3.905153107716592499024031680147184892954e-12
-1.413441910689456010118496275268919050631e-12
8.247725907058415357043649749266474480608e-13
-1.948880393677433753146178485940713636052e-14
-8.679083391212234762358001973633014763057e-14
2.173302093762768554411447360596779392957e-14
3.167067724526521975263523304156726262448e-15
-2.563253219868556924845812432007070606655e-15
3.370097065225506469012361122045912570245e-16
9.936117763388807918599838124164891020253e-17
-4.271348851309092592922735953689160759138e-17
4.383396431208757278309488195573229995952e-18
9.232808094643553442277468019224872682342e-19
-3.680801458049422569565851801365809709347e-19
5.49918212088473277727800917416022654003e-20
-4.194933719371185060772039799835030656273e-21
1.359995535228909447036258235182844110932e-22
