# db48 scaling coefficients
4.345472825696757464436020762069436442779e-8
1.368175479203995868336301841598431877954e-6
2.048763433479083820967094800402935311322e-5
1.936893532415466367151719877805336848052e-4
1.293561073599620165324003212421801038582e-3
6.465730197700626331809137020061653399283e-3
2.497537493966761169302234500478007225937e-2
7.578051403049422702150099356177690685268e-2
1.812833656670151670746903568419403624836e-1
3.38343080020926600103372468138108707466e-1
4.762889723855509661020993637438117712498e-1
4.611189631535965492844270532597398399041e-1
2.095747820883671684134079610129597113906e-1
-1.529204004334664694429025017189790535855e-1
-3.197800413841992274601441235200945957806e-1
-1.236745037351906790749433181941208772384e-1
1.902388500519273873350435827153774903449e-1
2.129241508508854174693288896737753517644e-1
-6.334715239420790061758215633381748732185e-2
-2.074576554003538407693498880350340452971e-1
-1.168738493591521585816959730436989646323e-2
1.743522130367173465571792700764901131522e-1
4.519165253263462923235714732180883289448e-2
-1.404602020140887899252712913911720816768e-1
-5.373683294310542205697424426862006666092e-2
1.127167992195130756455939504411166875253e-1
4.905186628158039018392688760002717262343e-2
-9.090486148451888572460396559584744884405e-2
-3.82998169721193575333034131583517071609e-2
7.312358713892925401174476964793977479609e-2
2.582570535755609803141899667889032377261e-2
-5.775772154169814674105500801557647656415e-2
-1.430468740199311008011495558046732224703e-2
4.40003094478631502180365161662531686788e-2
5.262234821353587345169169079867344942087e-3
-3.177062194786155406202382055847260241061e-2
7.092190990323655816909240263140884128223e-4
2.138465166786811918247822451174183239534e-2
-3.774557760255307475835601743807486296707e-3
-1.318721364099705912282211264243547260164e-2
4.605928929581402059254809042350052827901e-3
7.29114276564083354736571048235817870947e-3
-4.075836569316022596702930256382101685014e-3
-3.493294179026316030795734553458623711265e-3
2.979975746648117171999477250951512884263e-3
1.349239786747561130027460964725700302627e-3
-1.869468873668290632375532040565353072072e-3
-3.268445950742503103390646483520014211382e-4
1.016119567310418021071724858718721399627e-3
-5.047856361522623861705193382438662482215e-5
-4.756549616736631815517351873964800575413e-4
1.24873548034843512748869388022963649508e-4
1.872908759255552300469685055558110995155e-4
-9.52096645363742809291605621132557923584e-5
-5.832815282168219472952219185225491023855e-5
5.184890867235984996229882147895170129938e-5
1.158929130425598448968440970618264788781e-5
-2.245231116600352992079404495858955203004e-5
7.501674595578312827696412950915424743878e-7
7.860563845362478000196172151343824537241e-6
-2.038924569214957629226087983223583938887e-6
-2.154038085204484434936121618461406282398e-6
1.145291037739110954180564025554215700819e-6
4.040840887534306815444449969793297287512e-7
-4.331855293592020624996137177428554039083e-7
-1.617011808365748476593993721097843857297e-8
1.227049423797132648441280082009879917118e-7
-2.396557124678638188005696155758839617151e-8
-2.548488769500568668521359744974147822757e-8
1.166940262521106289933688418672008771643e-8
3.206122168597615244885871625969992596015e-9
-3.317319816912593251507154947335862619205e-9
8.912930562250917319108872331948951790172e-11
6.45001684954606894742053774480933691329e-10
-1.655656558561918887434174107072552992743e-10
-7.860214150951928790049772474836380510515e-11
4.644750597845263981113759918938144600206e-11
2.052071705080462268781247427020570721063e-12
-7.557965260518103232630686620563554028674e-12
1.438268445645631101421019055294471649284e-12
6.864829911984810610536417846623686956874e-13
-3.374269107172332989070132704821937335502e-13
-3.149321785391904858435375005136966567876e-15
3.720713149566246422530622053499552608489e-14
-8.146897386918667940718291647238937169478e-15
-1.547798726094889498860554475728162355893e-15
1.027253827778594227111708844133828664565e-15
-1.161836836081856627266910484248720993442e-16
-4.257426244624648937166689174409907588159e-17
1.644394139930080076736030912643849013201e-17
-1.507004136610927451462619767004191585242e-18
-3.805081519845181418335108620788865435482e-19
1.39451439102373500171521846966695141435e-19
-2.015884658328252159540594465673641491508e-20
1.501202419362330036614160954109303849103e-21
-4.767980729346622521228792172016179887051e-23
