# db49 scaling coefficients
3.065872132680270171587364169412463647217e-8
9.849079480973478078201412537858807874608e-7
1.506322163067700052845979898564512807908e-5
1.456190604623993297801098267745380665699e-4
9.958781918537229163144880454360372715911e-4
5.106371595948857137097044624318135670684e-3
2.028001946740757741519055439846454187704e-2
6.345989247221126246513333310583554188939e-2
1.572461528482068774945445062171366922414e-1
3.060829503070153238208171922414558623785e-1
4.550509192411006587084495030425485959621e-1
4.795821568898705887612423725217416339506e-1
2.74997459825763322412297367574994751737e-1
-8.37799077463975423440069944145459182775e-2
-3.139105708978926047809131920444432209447e-1
-1.896603101674624179631958248559716539437e-1
1.348667795472186145562068314171876010812e-1
2.4304867779626556952401863763114020755e-1
5.27847143913654781129006264715739578437e-3
-2.071502844406873140157208557239267732097e-1
-7.567997637333371633046904621696748655246e-2
1.566920115351621553755644186319164294501e-1
9.974539258176725267218095345149503403012e-2
-1.15905704888005434588953296229651159687e-1
-9.9397038368251204058328998248162910449e-2
8.791865348825573126946500608560546868437e-2
8.756956202477152056790925681358495228098e-2
-6.964001857929362503787459445243483381636e-2
-7.104270695733158614263863056776532679072e-2
5.720484486561797617181981784959418160604e-2
5.344616409592575076681750990880733105498e-2
-4.760964029865707706494806636378802899217e-2
-3.694250497389636062070637445893188880716e-2
3.904884745631314840206707744675527233452e-2
2.291301145268878016510161364584733848944e-2
-3.080122353662384890194861672317951559312e-2
-1.212940315003088669740740991190798017187e-2
2.29201442463290007933026222109716438877e-2
4.768086847344758004325963099513529027223e-3
-1.584309278628689120351290716187968284852e-2
-4.71531254366285289897896896783493997654e-4
1.00294295730886940971061433330231144823e-2
-1.480127188852105646999541198274226340949e-3
-5.722231415813047867545525350374794962903e-3
1.930227662903009380810456711605485498295e-3
2.875871989530607178051648546483040871989e-3
-1.627371366772991044527737098766998419816e-3
-1.221221059396460194141087108927278918253e-3
1.097634554791748217259999976754800551994e-3
3.948775739766159195435271252371348267208e-4
-6.241669437273310248208355280779116466767e-4
-5.773303685838026660312652609972054004134e-5
3.028832052453841144928816578072072158939e-4
-3.913477287889488895751107334733751326027e-5
-1.242010823898906014963837527605122103209e-4
4.381664454776370052180271181160225140983e-5
4.144565186185097292542854073735548272186e-5
-2.66584240713628248431399970626009888414e-5
-1.003313680004650231966820591447693890318e-5
1.219507271106809197323062972619835707099e-5
8.695482367036519289627252271812568418056e-7
-4.444841338317633369661819936723558751498e-6
7.167765794365609532699307372902553000029e-7
1.278819058878272285719213663399149427918e-6
-5.161917002955314370208717238596327928062e-7
-2.671357765737194629826951384120568884306e-7
2.109304810159601160902662145735818916931e-7
2.604521398388053195650962375404911029792e-8
-6.249399401323749637237369390035138527104e-8
7.688264896462319355401706507296776218061e-9
1.363365655198647959279287795984104272875e-8
-4.956753284139999154401459221613125158925e-9
-1.935632357187339780379554013218150771174e-9
1.515182100148853444273261222500888125892e-9
4.896394173714879630456938121364940414532e-11
-3.08111985706504777753990991267805814971e-10
6.182755166248089197994894064152574734136e-11
4.023339098598023321338465277680210852218e-11
-1.959970293972321072164760932583532265335e-11
-1.86296035581610279586224552893521458159e-12
3.350041041799113466405604242121537970451e-12
-5.06388326384875388442503382281348667617e-13
-3.24290512748853231132674230369670197157e-13
1.362281253369170615687464897170515419439e-13
5.957841586490641163248700022817770202773e-15
-1.576588371846306076306233103148005100184e-14
3.00233919410776675970003912230551022172e-15
7.272262126176616125203737816202964095105e-16
-4.086631920055526342238417919336013538203e-16
3.898110950309777671699293378154688043208e-17
1.799538753714195426022381295600327290139e-17
-6.302265061589403414964101435476243203817e-18
5.101529969840113689095774907746082591138e-19
1.552748296435890469692146243656311400206e-19
-5.273098800280947469185316998155971548161e-20
7.383887867561842433164941058194171917383e-21
-5.370954547742698967414944362194383681317e-22
1.671898364271210859986347702468947539401e-23
