# db50 scaling coefficients
2.163162866112255620465786057590419989733e-8
7.087523700633579140504698015683302009916e-7
1.106620338457484446670565242740443683298e-5
1.093385153744307836170797324779090830337e-4
7.652912109618183549117403722764271126995e-4
4.022789304572261845043426843298184244398e-3
1.641366611946982668367141647054153171708e-2
5.29166898291846930290548113520696711816e-2
1.356345332478429053673762273850150349217e-1
2.747922616891679779638972588765962994097e-1
4.298540608635045979704575141554809098839e-1
4.884450540612108519250389908261215754432e-1
3.321662417798985048879980735343673755265e-1
-1.044527988802475919113818151828228344149e-2
-2.911031218635740524310542432707736314103e-1
-2.442694577888220230620072916354279666201e-1
6.863280952135209158685535245719105611369e-2
2.53202900626358744186390410160266891337e-1
7.483597872305926974236365232691978691986e-2
-1.854876883986420183193306870885799299257e-1
-1.330592426763626670431129276272292557452e-1
1.19544640618911130316612457919396283674e-1
1.436295189680972190823580743109696627157e-1
-7.433783444361643226846996201686827818196e-2
-1.331392494787382757870378111770634878668e-1
4.816267857616244578338063774330994123213e-2
1.148443322453564791570998466579990959536e-1
-3.495329862431975905341527742474630045606e-2
-9.442684684206138353752832642278407861494e-2
2.914874407817103703865798728093316139425e-2
7.423082966892478057635971326295353141701e-2
-2.667304006898924320360066080674911898883e-2
-5.541325322381224271024432568797989216829e-2
2.491527077018587857010695993347067563058e-2
3.878931310759637740169692155832286811746e-2
-2.252067085991651529961624731634205465215e-2
-2.500527652587454406841977300387644617851e-2
1.912410786337445291220007117739690187228e-2
1.444234045827171140643133942284326991236e-2
-1.502161595124846716203591722607664722803e-2
-7.100647228369351429529773140455005862383e-3
1.080956417415532317845524434221742069319e-2
2.591062310357400864317051695876048394965e-3
-7.066982359770505511815759614811670144767e-3
-2.53993708793996444823782398419998612579e-4
4.155560582540019358605860126728146716458e-3
-6.529706320671596534810825927635978514889e-4
-2.16501671335931935046095886927036273667e-3
7.822958108215688410940387972368400538734e-4
9.732333509581051337746126332039848013493e-4
-5.978994375921449166547076877483942954322e-4
-3.565498408754525631190156269435779353768e-4
3.624415235687025807754348476874567659405e-4
8.914258988211155127880975623977137532549e-5
-1.834164612820811179417697767718622236627e-4
6.219762395623599487237622792105092750168e-7
7.81003649347982372220073287006285560101e-5
-1.74681831423045479352866424426261355166e-5
-2.74237665643751484965714356146312250515e-5
1.289595560126237053027491394417001048059e-5
7.411833669905729141220535366132742433463e-6
-6.355819797847609654992108780725384385211e-6
-1.167481134088089329809564690038235653717e-6
2.422721887289510253547368397517549680878e-6
-1.686250444027848983097764479340399268442e-7
-7.278586037753339858432513539871073446839e-7
2.178988557776586218435772701287808125308e-7
1.639332715622867513704102560748557073075e-7
-9.926244019369426713190618947036172026468e-8
-2.178198317145388335433893440627477181392e-8
3.095962097622946755777661304113904654079e-8
-1.663494402107646519386588648724803892264e-9
-7.066223554034219916247022513821839888287e-9
2.01201709352480862794896221830083725378e-9
1.094121201689782011711581104428885713524e-9
-6.75977597573681206773736132282027731879e-10
-6.408906662329757511509495542700441931754e-11
1.441422076033023239978908473372485346346e-10
-2.151522565029063540624819869637900559847e-11
-1.995125895454049661420893100430794794484e-11
8.105371747090179836513754886472745454854e-12
1.22483034053546759945215321246101027363e-12
-1.462670788274849729734138782925515818494e-12
1.67024848676219875663701272096691176766e-13
1.497759914321946354334377271324258695302e-13
-5.424948647706221806983594656982923281563e-14
-4.366550134563682912828362193995496152971e-15
6.608901626450297691223462949623276039674e-15
-1.084601568272282285015268238924692218488e-15
-3.319574983299493875815903013707231778102e-16
1.614202941123974944222947577895101077778e-16
-1.26086136858757029747417075881242063689e-17
-7.51907713970748985352388478801321289439e-18
2.404850694229418423526055924161732579246e-18
-1.694079478019858007402696106542977754028e-19
-6.283287104980469847992938970894263330329e-20
1.990305523993198501965503788746081266574e-20
-2.702536573223100456261217655665286568887e-21
1.921169415565571568544813202252549923381e-22
-5.863546303048731684955363031567923038026e-24
