# db52 scaling coefficients
1.07698941703759132842233701458382175078e-8
3.66649686493466772548012974836033825644e-7
5.9590745030919581190743143506118733796e-6
6.14187264952276577860598922857964073433e-5
4.495783569892224864273725839496609408253e-4
2.479172057571418938788431463731822280241e-3
1.065337259297575155347179785115524202679e-2
3.635866642413694566616054272011198707574e-2
9.935928102464319468665169240204329288556e-2
2.16912290055887080818842722881142206534e-1
3.722313184135989546189102058785631821401e-1
4.81405173394859304000934114478250057832e-1
4.181654591907832736586182323327289350757e-1
1.364215920395471707869900125424736067866e-1
-2.029304992129654241553457332023209113772e-1
-3.086442102558820262194699180916198858281e-1
-7.612600214080879992767709352134056933428e-2
2.136483660115124164540190664068923860391e-1
1.9206873309103748103462590354473822012e-1
-8.937547226032681148746402757854274076598e-2
-2.044392368538853127510629786371634863385e-1
5.778578390012803320293961457869240098289e-3
1.787288349540399788120954781769302901715e-1
3.701984537989732200822876605007809058369e-2
-1.46604520315121094199920610880450822795e-1
-5.271139062227409212140378414280344085091e-2
1.186441992246850029576651365123959989463e-1
5.284572650162103011394884598733370577914e-2
-9.644770138139573944940953598547887198327e-2
-4.494354279353347473562950652122311902282e-2
7.873158880064957591269196980003691848832e-2
3.366527187845920381209676894055548977722e-2
-6.384114303548998363533778188855359756629e-2
-2.195569002785986997355897082963955275977e-2
5.06318637232457254690154257369476625048e-2
1.167207863931541941506485087777980860885e-2
-3.864287111337546193158232563778746453793e-2
-3.844684814777094176376082032963194602526e-3
2.794732604665968468340560892990260421114e-2
-1.204221648510394079727456474875587549723e-3
-1.887036130799429062435710808448597071319e-2
3.726725031866517161908960648934643647692e-3
1.170738054000658011674866100027016870828e-2
-4.346662870023353117755433499290223736009e-3
-6.538569210669020905055955073868587095664e-3
3.81801499364777516216937568989974326672e-3
3.180701844473359523264063565363662011729e-3
-2.812999946979100164540515111968782606354e-3
-1.255784409447649563217097859463525940964e-3
1.796821947143791589001856569781557791011e-3
3.152055204961881404564800929349893581004e-4
-1.003790239288987633673724050433188676791e-3
4.610812628831804536717033204168145547324e-5
4.878926462693000016305211635032795478942e-4
-1.251098299768334383830398558639005809935e-4
-2.021029673296707207330870800480413669369e-4
1.00481891837763752392797438981743786096e-4
6.769899530822943565623148531339013474203e-5
-5.800584163747480043587854338831805619613e-5
-1.54956781852065382014481660776450215635e-5
2.692526676497780158127353004124526158026e-5
9.099715407134314757135050053716117842606e-8
-1.027179859029676709256713772485106018089e-5
2.275619368533745415431675994225299265196e-6
3.154950059556018927036047019536435442078e-6
-1.501158197813624804772383692970890127346e-6
-7.134644995802853333381069476380840720028e-7
6.475571212099503786449624933867043456618e-7
7.472832573613773695988205849759287101867e-8
-2.121478640895782710994933923077796974421e-7
2.693456739143751544198200988348409281836e-8
5.321182457463502857350289159540471225795e-8
-1.949552328006474448343765118253621240687e-8
-9.316302907417254467622522150130866759898e-9
7.006285259090636910992237586988879077104e-9
6.162255510459694019765463848183449724535e-10
-1.751063366994040623067252075761176429667e-9
2.680113435791699562181567376020267786602e-10
3.069447970169786495657273029425489841655e-10
-1.246554393380966962669116953260018915247e-10
-3.023463272639549817759058456759789834343e-11
2.976811306281600009073711039347716019103e-11
-1.584837224323106805224260745815038008435e-12
-4.554883411357298900191588379591458671028e-12
1.293903663916667632649478740658990476757e-12
3.775246989559515146898687294446198772612e-13
-2.671142394099808255373712252783404319327e-13
1.153230351284364115703133355007717746587e-14
3.025312054729592516828621049288528242996e-14
-8.226956428810831520480589379708754791851e-15
-1.366648600144772150884409471877352724754e-15
1.12722909542672021837548815804989331705e-15
-1.307183609321828125264814122202308873758e-16
-6.495696215884234691544262884743348692026e-17
2.466721123519051141147901991721316196702e-17
-1.086503447723734792458677720879605666831e-18
-1.275628576939889591756807056501625585133e-18
3.457118637441001748535565955511847277708e-19
-1.717883601691786734091335773656030625602e-20
-1.007626832446078983950356858914818755565e-20
2.821198412376521119945364446930460516906e-21
-3.61245029789320772712244644489622260244e-22
2.456486820913877542934925015339897221392e-23
-7.21563499622330747490176269119355188347e-25
