# db54 scaling coefficients
5.36288731350147604307161374355953470289e-9
1.894334427293119178396044165037789988797e-7
3.199877768352535590070491358995678734422e-6
3.434440983449190967727859682864973199822e-5
2.624040741899447404662156277333878807866e-4
1.514622747933300963970661345239961315049e-3
6.836598568869195729610490729090705193337e-3
2.461956786217884941853180392115840973182e-2
7.142627601216650589434811019755642921988e-2
1.670139683997778665434921649453342748253e-1
3.11336326464213102742567372068876902329e-1
4.491054384003355370543228706445570574617e-1
4.651871205372551967408275762788834137177e-1
2.668337787049933140243549068810776178932e-1
-7.644025126879207360969517411080853563987e-2
-3.064902701903046506598685486901823257987e-1
-2.050431561223825108504139972681960594307e-1
1.094383249431210650798060678779136334533e-1
2.495893058401721493463381990430488289408e-1
4.3757725097073040203792965333797940852e-2
-1.970824317134802389872648205600570625139e-1
-1.17079520793763451199287854358561540293e-1
1.326101251485678902711721582334354029512e-1
1.385892132711483462760625958039181223631e-1
-8.365363742243639644533969860414514268853e-2
-1.345961560139574972846624604875428316921e-1
5.297114709919810644369249552384249449255e-2
1.200132252725339707559913231105868974384e-1
-3.622696953971519304673110736698845972312e-2
-1.018221176653527440397650487953633240729e-1
2.834108976622586021014164151420310178567e-2
8.299276032794970796774582033578282395622e-2
-2.519227540000227244259469332071783713721e-2
-6.484111174840604641497481436392371735595e-2
2.386573464917825868050824410438684378904e-2
4.814726674798115188255422604270762378876e-2
-2.255741740863351582852931385093232708605e-2
-3.354370391496901542509605597720137584739e-2
2.041012351330864262758613285754997832907e-2
2.153557322507927311230701654225801389979e-2
-1.730294042401844663185000985180417617196e-2
-1.239172387273116845264183258227831751879e-2
1.358857821324224858658193558066249722147e-2
6.058167317515561673550513286689138528036e-3
-9.811211120077196042681890272980453772285e-3
-2.167142402185548997974242395314758779411e-3
6.46603861315587603344719082588190266876e-3
1.42337542655424491172126165301099111974e-4
-3.854092998297205970779690829528637893907e-3
6.491804733121011970061334878202074029964e-4
2.048585554897407003047940509151706554178e-3
-7.611260944150204890527883922993533760745e-4
-9.471723087641814878995150451170458923575e-4
5.908793882122975284199383080839054860864e-4
3.612946363708489130602264531522386126904e-4
-3.688930364879668217355173616981336252005e-4
-9.700514899340983927205555457021644003419e-5
1.943706018724153826170466252127099936677e-4
2.679758346685634916417155511260844966918e-6
-8.720367891265289951673457090039572419083e-5
1.787370578388541838293116303533241064591e-5
3.279182797541707821194794577143676346001e-5
-1.456162019787224983334442653126630030503e-5
-9.786423750576168138060133283722699882565e-6
7.799765934957611769383812661244793669279e-6
1.908764161736528657795584306765185782062e-6
-3.258016188729909822719150144114366205391e-6
6.622690205318253119246609205607581743158e-8
1.09368150793920415758136895016554972166e-6
-2.70673239292715094313054147611881931567e-7
-2.867994726001399229787448987804007826944e-7
1.489621610776981542500374530356735942095e-7
5.126253020266434000667243402139879557184e-8
-5.457611588572266942776849432604713101556e-8
-1.679693478856248463570704649270713365142e-9
1.497713319346477105737892421271498653456e-8
-3.01441683018993636997772626624847089393e-9
-3.017810049540282954559358960562432781951e-9
1.413651978836452125197728347684705734832e-9
3.650047498543184973963525299108762291364e-10
-3.946141702202692834787700959771337103838e-10
1.410331979734955416581431009599348543034e-11
7.62661119301361427980182888322979017611e-11
-2.028041400146114394738528060256057496673e-11
-9.355838862595080361547118457200317665557e-12
5.706197358913327877399112977093557725592e-12
2.486744956516405255172966697070062820213e-13
-9.6078136805527788043063922304350262982e-13
1.830517180691772023153781405406263182547e-13
9.44440976756419563743205025493317588823e-14
-4.61239092114114609105474524643792035448e-14
-1.358197747825268752876499516110200758305e-15
5.760070598561570310071975336325773186222e-15
-1.162386141575820122625859950398274869309e-15
-3.279504201134115741659041157123341458083e-16
1.852922297354425130113898069951032153113e-16
-1.316976767770745529048613423856732574075e-17
-1.195833366730901442183993534508442570119e-17
3.667742973435162763561569757759645115961e-18
-3.400417942023420831662486286317947476417e-20
-2.097515952308019280885925457156626986385e-19
4.887049399551726545306188052593186745885e-20
-1.404200168534948513626616671040565315999e-21
-1.579861927321337489071780650630635529834e-21
3.97443986840604741766705772684665262659e-22
-4.815708710926909570829016910358309810135e-23
3.138431380815612396739271419749129317269e-24
-8.884943225426911489461686580680745761522e-26
