# db56 scaling coefficients
2.67083115663691551964253211948100281399e-9
9.775752401126979886691562757598998441704e-8
1.713769094870358343324813468798198781426e-6
1.912438097236062446343143819069859493389e-5
1.5224423381999714067076348843050176769e-4
9.179659513892282471540941318975201712596e-4
4.341946822355142496546016623736963201696e-3
1.64509024781261410924416213205145142448e-2
5.048275350804810228484389419726471126252e-2
1.257940177949433766120806972182106172865e-1
2.527648140216188518145177168903570328613e-1
4.008992622280918639695354328367131233867e-1
4.768022888563930056700235780444655108899e-1
3.67441076525710730997853496888745153642e-1
6.446650497425991038070058920213517851119e-2
-2.43339226964744984862488844716227307211e-1
-2.884117808284675515518414082485930144216e-1
-2.760878068116880467714181127479105858148e-2
2.316391568301583079485183884513637381326e-1
1.667410246993810638437139944305005041502e-1
-1.149357999428708472266139633890770778231e-1
-1.980011733147128936519973028250151321809e-1
2.522880685008306091356844035154247052628e-2
1.81441577260485684840252194709898682407e-1
2.619071263021908225523755063764277392854e-2
-1.521849629685504166031341717285140563933e-1
-4.911834943958772156574406727727062968763e-2
1.243617147191748483600228997017352084148e-1
5.444209935874470657755556417453442065612e-2
-1.016449683906466148185266861725609120632e-1
-4.99137749114354069291352706515967940376e-2
8.36588263311824624262562113789180030183e-2
4.049270001590292761331845144180585904225e-2
-6.895663885336331549682681027987492829268e-2
-2.934688821409176336469692934091665333865e-2
5.622744312554766475428512279942009062217e-2
1.855061015757723072137250676789385562477e-2
-4.469308019963442625492499234136733536601e-2
-9.422426582108398088226468186270466693042e-3
3.412796491027393998385028635008455796958e-2
2.655149759813817756245855114416603873452e-3
-2.469389666283600593715892335214701721579e-2
1.610355780777022979736564680732360846737e-3
1.670419408761465318152807752824308016189e-2
-3.675075170464727723454298937760860258876e-3
-1.040750946024547403653006743776839568281e-2
4.113795137697429505371550325816216579796e-3
5.855914547275526974894791113506228979496e-3
-3.582005489573546390250114269963746490713e-3
-2.880625872121173807896832720785581607499e-3
2.651799558707695564910162043104808715366e-3
1.154772162942665736454711773877934522735e-3
-1.71768697511113187965728013462254503365e-3
-2.952718372583703284415624028723390146922e-4
9.810173506416312491284282611313565049386e-4
-4.514388790373893479803907290620465373689e-5
-4.916543176601985599803488363281923801331e-4
1.250394129240261614448863851649023458305e-4
2.122258621219096834620147987140393406433e-4
-1.042922636255199525534471455021009953736e-4
-7.533408489966710487595760790043717482765e-5
6.306343677239367369737723219347026207037e-5
1.912135723975572117114030138928972988451e-5
-3.09662956805060179316023180478709182237e-5
-1.056166030244030949268505326099141821894e-6
1.266047102942884315969630273286531427466e-5
-2.412798583940225538724326736415784035316e-6
-4.253677549833155183045193969060666602729e-6
1.844141403773540622738659828622183384493e-6
1.100945071844818542084084813218543597259e-6
-8.874602909810647100508165396994715264407e-7
-1.675831173980423382135826769849419816986e-7
3.265335200413870480940115268468731383559e-7
-2.18272682076099656240143787055742042627e-8
-9.442457092210943140480399658233406742515e-8
2.806473964530512742779831670596719018155e-8
2.043085094183913646378081707979429489907e-8
-1.240771906934158135654319523821920823544e-8
-2.565707925600377537911586538155739146329e-9
3.764336160582047674371391051602460192227e-9
-2.345592664479205822735967062477760744563e-10
-8.391250703907433987074781396015866466492e-10
2.468931587180893479603512869135936989594e-10
1.270925329745372999160976095201882222783e-10
-8.124315136445560706317814594255900889985e-11
-6.925523819242404777869225746245457063314e-12
1.728924368769066284063400626752359685948e-11
-2.699930525254879349264326603792923746429e-12
-2.428517137336740371876244818511682607154e-12
1.012160361353059967863929623582176135162e-12
1.562403059764289443409438049016029233394e-13
-1.897273706268743233080208525364558482801e-13
2.095705061698090726979129507504146393056e-14
2.107197440956794834731095762052105861571e-14
-7.513316422091645054239675187820933143125e-15
-8.360493778621260697249273501054091570338e-16
1.044004262253974063589377470447868017855e-15
-1.488449351163220483924246504258114704951e-16
-6.943481504569390481016928821560065580954e-17
2.940429087474909841792496655424115673698e-17
-7.850443728246946598477475051453557759448e-19
-2.104168916650580722521169782995080665911e-18
5.303322774950811284551257067021271812594e-19
1.487410386396993209988697540962086889534e-20
-3.362076884215134356316184384514774096205e-20
6.792856574843449682321051072918953962499e-21
-4.668675982617307773195521965494100204002e-23
-2.432774969179838554760145380049332268747e-22
5.56813293651973495779853201518928450003e-23
-6.403803292788741326477800980655129852992e-24
4.006678600128642625131184355171603776965e-25
-1.09466377632685296481336294764568878288e-26
