# db58 scaling coefficients
1.33030334705051205243971058939113237776e-9
5.039268216074532445927608258340222109458e-8
9.156214303265208060512453062751477532023e-7
1.060784267345124895165554197706498689357e-5
8.784361170539681493122693281219609632019e-5
5.522589611013839032556873042561063160781e-4
2.731415634743169082362590369330678147278e-3
1.086016834012953843793296124082342473632e-2
3.513674079719341262766922134099710411805e-2
9.290302504491409661450649188153903896009e-2
1.999541535239690443692818761314704797896e-1
3.449871727482579139436923046299864448903e-1
4.600568726828283276156891475606853004036e-1
4.325006869849421224807598007852513778776e-1
1.985528171630368127416400045444200855235e-1
-1.355905838740527637996777136461708258587e-1
-3.112336937127344535900631206943851704218e-1
-1.610016038478790460858784630559941580613e-1
1.466004961795488586591965651500147349281e-1
2.400729063159840385000752700136963797613e-1
1.102949102674465555669531786703413095583e-2
-2.05859022737471511227673150241364807907e-1
-9.803667586799941957587800380889620462576e-2
1.455021360734668173416170307120610266875e-1
1.308200650049208009518216436175482482736e-1
-9.413408047122641980362446637047743269723e-2
-1.339368253730276663146873494574638139356e-1
5.931307782588126168805651143200933507721e-2
1.234730700786844174034313118690276237474e-1
-3.883154342174925266395069368589156983615e-2
-1.077145832917732947736960363354062705021e-1
2.834828963787422309879293406654343140787e-2
9.041318200479258296906111706331881168467e-2
-2.387526789179988735476219547653606219829e-2
-7.319027703168093410520420677535991861876e-2
2.235404568249792270842967184036351724829e-2
5.685521894765501786628020998343500871092e-2
-2.167940845586567317605469722328952398762e-2
-4.198813459560901290089285703446547122685e-2
2.060404008351183081695532543737830462773e-2
2.91002411829591151453525660743758483467e-2
-1.860818979045080359581277207799969640307e-2
-1.858891348952858334083170642005423196469e-2
1.572674904144447991547414388019910089555e-2
1.063705228394583901187422952604492299916e-2
-1.23347017851693055812670811580243667698e-2
-5.152360483475171915759549929213606781433e-3
8.92341232947653581846839101786852319259e-3
1.787988230211262635277545017796119722925e-3
-5.916666121842014959184129531401829732146e-3
-3.580536855890199956022886939908739832602e-5
3.564799339461484946308776823799803968173e-3
-6.491312629970523292353392446865621630347e-4
-1.925678346477949288801628846687585273056e-3
7.405747658453490853855715857749193925938e-4
9.10785616704379042417687879421110563911e-4
-5.804961664970056084510404432748090422298e-4
-3.587284122341020380909446505884280573316e-4
3.708269447694017793080699848085870803831e-4
1.015983012964975628407630361997436818974e-4
-2.018895811095140722859804476236346321536e-4
-5.264658551124302245982211721571486317511e-6
9.453211718611765906087901953426579702291e-5
-1.806792777304740538663741963793331511841e-5
-3.758285996921490445842618823461675931643e-5
1.59653327995410949989111923810415955812e-5
1.212682832200477401382599211121863475708e-5
-9.156355010637975104836620966813693397069e-6
-2.739088397779174366960057018255172943721e-6
4.121317979450512654273197248248612892336e-6
9.411080285081846023927617295592239095153e-8
-1.512266047519229925703093706570946066314e-6
3.090585820054920718837444901307048102134e-7
4.455404251066959884210851096398920228785e-7
-2.035942985430714431019042239599318996117e-7
-9.648437566360762988382858120624770731206e-8
8.533182334449854967753024370431262803055e-8
9.516115813021047405063878042011653939121e-9
-2.704993349931411271477153919615612771404e-8
3.526628093162863324348243923441988406706e-9
6.561939938546858293972956828715375821606e-9
-2.437885428344030055223518796302966870646e-9
-1.106756622771076136359468179565345670569e-9
8.5259836631821932003855850462121471687e-10
6.511471100078830589845546793530839019205e-11
-2.090117832218755188138559072794968447608e-10
3.390716821709716967582678232889732713726e-11
3.616234642772534505795392972025522888734e-11
-1.5178566857061136981957808209573465477e-11
-3.509447974176311115272231933473588634804e-12
3.623461670332121807109291949214452335062e-12
-2.106947037052653095994938362483889426287e-13
-5.656399889426669294666495105760587003278e-13
1.639452855319281889168750309657691602761e-13
4.9407774000437804975116960263926801415e-14
-3.52909147928942955982137876841038065313e-14
1.230192446830213271195389279650458152237e-15
4.347713690047757573643159486047685460476e-15
-1.145208210828074294417315572234801024841e-15
-2.454583953604566076709758257741461726661e-16
1.811308639722509671568463944635500017241e-16
-1.608745540113861911931000201490338803248e-17
-1.360287132240117209194632068380753231276e-17
4.504802127679553391506686795237476164706e-18
8.963503685507711129608576617452858017896e-20
-3.571587073411060307639813086305745135836e-19
7.442871780241708780991394065719391958793e-20
5.233786483814106254947007117924107711383e-21
-5.273959234193430325383915386787286175036e-21
9.278580024020326463662806148847469878051e-22
1.551146465599826869677580632062279425196e-23
-3.69090042053705461712618787769253623142e-23
7.761739059896684607413884549310289734537e-24
-8.496034349738863494826856557065460725626e-25
5.111541055147555056271887035339335253233e-26
-1.349382466398237399225213668861756219939e-27
