# db61 scaling coefficients
4.677406290423287699826514788813270286464e-10
1.861527458123818804629029388892224216354e-8
3.560726177198912426704763646468155570922e-7
4.352816442469490710302342276544656425575e-6
3.813603921315736615576809133343516131468e-5
2.544615479658704092853318064980288388411e-4
1.340834780907726758325330908940973326142e-3
5.706613094342441705287807972519158369397e-3
1.988264172056333150549615815637678624666e-2
5.706994117438092226129572442196601212684e-2
1.348741165023369242261991059866174413157e-1
2.600716437008740652076625014369492140948e-1
3.999683998378420281950837954755546600976e-1
4.65745153187258410811577714067008115672e-1
3.549835805665875619763999687721106553048e-1
6.319058124593874941048179072544539879281e-2
-2.351323726138124294993825401093510429085e-1
-2.90074136513281116545381888817960680523e-1
-4.767949380312473661366768150446189107127e-2
2.187960770762771701994504540111876849672e-1
1.87913416935663097458815764785878839218e-1
-8.469208076228012580054946488422356715153e-2
-2.089876939130752597510709385509277938808e-1
-1.531987876882314071437753870381712092251e-2
1.794525697421171697347598409510104482172e-1
6.998907652166271043674837347608206925295e-2
-1.39840808647342002001277128452883305532e-1
-9.22166289585643304131641090934341787322e-2
1.059621176293902535814701424987826752608e-1
9.538520973472879140884623086542956863866e-2
-8.129284525179190218967954002073743119024e-2
-8.843033521395157304464660422029480214864e-2
6.462783494473753597572689004277226107977e-2
7.652695633732996135429488855299356865001e-2
-5.354639703377479670381978701154132447512e-2
-6.25854932934156708026009653077507904804e-2
4.57453504809142264557488908809650514708e-2
4.834733399289948281456104982475548847931e-2
-3.948226217210447440154150716084261584312e-2
-3.497877401908213900598190580587865815082e-2
3.367434437558030530273010993070793255338e-2
2.330908117887708051142207900378797074858e-2
-2.784745965362937808989029813071684054345e-2
-1.38739954838169530924908956895239994633e-2
2.199822299471828249189132810794690646089e-2
6.893539845918260716995115077566831455158e-3
-1.640496050367484428802582922358654002029e-2
-2.26981171948546471354770031559742660908e-3
1.143031805004755657777984956259153200538e-2
-3.571860086000338746783140228022404931189e-4
-7.362027295255908884221126708580056771277e-3
1.501349740184233112940992463476913573112e-3
4.324924004500602885506342446968239063947e-3
-1.703891175346886870482560721851425037432e-3
-2.2707683410172064158683179353908134529e-3
1.428169054417453301883486751975857456787e-3
1.025978787420669569330695767328493272903e-3
-1.001923079553567828793296195548021037107e-3
-3.633035594970621049226272475170483550886e-4
6.105043594922688285366224996119225870192e-4
6.574859742140930751722817971981221851838e-5
-3.262578332958555937606736499385707541258e-4
3.519986312353688009521430243384184192279e-5
1.520016390387405873173876192848214791017e-4
-4.910870932413395457090612317081606407004e-5
-6.025012884428037592077013745525270614823e-5
3.532183608882479581571236655987273763329e-5
1.902083606509956384952183434938510331629e-5
-1.942552010968652736887186892471889588595e-5
-3.737733935590964992864967752314853357377e-6
8.800956942386076176117176575658622394466e-6
-4.617544406376480660817950196824479506782e-7
-3.323988604092902787177916455166793678938e-6
9.201873781848891396102086163743324626118e-7
1.01899282487154148519114953882653246795e-6
-5.601632053207310459617823242708864380883e-7
-2.286115328979667806047300057205862298244e-7
2.417997855765048304276371474718144607115e-7
2.025605226980315454461413049088691564487e-8
-8.193702293109580916448536557017648302316e-8
1.243744949842457242767125096562653125652e-8
2.181728461650276272417431495317485525727e-8
-8.630639807038688047302542839466897091341e-9
-4.188204158895559635514720153283435647298e-9
3.325418635508089645714148738850508088894e-9
3.451062304415486556758111378533561188988e-10
-9.3160385467092936844070860341841273276e-10
1.290154682118714915273192059832866214909e-10
1.931016575752395391412270073095946799075e-10
-7.426104827960407798113176810180224956006e-11
-2.586096097719224452860763159644043549513e-11
2.187642511112752779996296261286419317031e-11
2.961941457147635344758004765559687723524e-13
-4.407283586060016370224746352835301406491e-12
9.580223912739246967468146493492977569921e-13
5.849684611779217811759229968170113763718e-13
-3.022207687142129344268066971265339930727e-13
-2.855849507495014688024643280142161517749e-14
5.492719334201607434616854695229343543645e-14
-8.237454604720674066236844203754446169428e-15
-6.098982542879682594456038781774381902042e-15
2.534457965833668273613616753986592976485e-15
2.201886283068716552923634859966248078672e-16
-3.647879792510028599978206415891236546345e-16
5.739259348592929281711715660076754801171e-17
2.717225354770935687844381995005589213354e-17
-1.212299052724029195412150338666929626677e-17
1.206352494213350452321197048594711926019e-19
1.067054279997625773829522674650196082465e-18
-2.5166337791251273914222720376385818725e-19
-2.561384638351187143220241778372114158762e-20
2.363200347601182880639027377821196305766e-20
-3.666955798745469627651886464792037149091e-21
-5.562287401144734026974810717132284253571e-22
3.165241674453339458992002257450515993777e-22
-4.520581320436889081727873414451938892129e-23
-2.61442736905832533109753760850595963384e-24
2.131781310046638994804569353793085530922e-24
-4.005469880598826258668458791450229760869e-25
4.089455501360300785275668151777592006406e-26
-2.326346755031829271664707791624972268047e-27
5.845344315607681896800303661316405838761e-29
