# db62 scaling coefficients
3.301523643509727598321635031606519980889e-10
1.335051322778881978364906566477480046532e-8
2.596323355652266692760423930125852547292e-7
3.229185114009622999850983277142651228884e-6
2.880842200148221445895859864471207680132e-5
1.95924371364442878668617138681516000779e-4
1.053482969572686543098952945327364780958e-3
4.581767111896591539604046070297831968019e-3
1.634211315069008026285417279362148788433e-2
4.813265070602467330381630325107643263768e-2
1.171024718402412454502492657905622514434e-1
2.335759524231713319729187030302806056661e-1
3.745770159016933276121480747893317006257e-1
4.622085340610610847643868826442459196211e-1
3.912926409516677610620224844718958542142e-1
1.291612313764854319175452402159662844316e-1
-1.866094304048267657672097743081126995819e-1
-3.056202803500084542325679956858058306856e-1
-1.135490897231731036456141486897124221023e-1
1.789612169606301703683742572175157979956e-1
2.246767742001077707128523583485354790426e-1
-2.243023839896046430990228398812915794043e-2
-2.111820280162660365248483624959424702675e-1
-7.628569035130954796464104827514804854478e-2
1.575867470324252130313548203318889769418e-1
1.203865487280931098077583504432082170696e-1
-1.053649974423781825213729308488414015434e-1
-1.311868020166257179703807941741838634958e-1
6.700971160872512083757065807350953708522e-2
1.253116369675892218490753289387206413227e-1
-4.279892989824221331506023921436866080417e-2
-1.122400123917755300292852416876053732921e-1
2.938522838063448708010833713712453311302e-2
9.660090733881121816483136514033795197511e-2
-2.307396708643511525270009972381804430339e-2
-8.045659506302447434857851924289334350197e-2
2.078940813139546148687746303364010340651e-2
6.474273424790550986451881319133791375089e-2
-2.024714827420913632598827757023977272618e-2
-5.0010706696538731320486340975787886119e-2
1.991764745636126621241201905239197463548e-2
3.672469315626408045502646993856665962109e-2
-1.894603345330188121392637844969716795484e-2
-2.530707141750968854131718688041053020784e-2
1.7044528440355072757062844920968297392e-2
1.606961570326466133152124616181691522322e-2
-1.434634167689664781175906225191567305818e-2
-9.128485709840547336519705834182033287937e-3
1.122789634997635581666009700393625696445e-2
4.364493364103844634507909829130422098665e-3
-8.129690266538105921518267977267973173151e-3
-1.451075855240026888393687931519068324982e-3
5.414478344792119165685177329956903374171e-3
-6.302491047173173899226990187698748846555e-5
-3.290072998004827553121381734693668631228e-3
6.508484276416277976899618744423121796246e-4
1.80056517521955305415822780342228083022e-3
-7.20570503634170852966149871463343648574e-4
-8.673538374855524484286758573949379786732e-4
5.677349218847189326649118115789661663191e-4
3.504222035272712086073105589158274225662e-4
-3.692111579440808696761969086094272326042e-4
-1.032900102840161542063994698130534675274e-4
2.064521040667169646587054846058838626606e-4
7.031157752284967666027476817914572907052e-6
-1.00144945216246927726328279057178494946e-4
1.817680207653316370519269185446077146217e-5
4.168467452630579640114074023224522813489e-5
-1.713647115984602542580088825625318431594e-5
-1.432457339144372927961536056985139128143e-5
1.039539594765237887871984466860774527494e-5
3.606168137510477632461062226101254808826e-6
-4.976950944326256208434738424664663211312e-6
-3.008654830467437450024379264651433755577e-7
1.964348220781427881062405834371733614149e-6
-3.300153303334256365937144327244110622803e-7
-6.349017622728707069298585351880363296097e-7
2.595859009257137718410740840965873880363e-7
1.579798259471135722187628816279978115606e-7
-1.221169582299705587108456854977095106494e-7
-2.312454295057126879534666632169369847117e-8
4.353321760315864681530445339922055971416e-8
-2.928315978232433539687901896950406229136e-9
-1.216926734175673476421218917937690960084e-8
3.629168881883898328367617396474260718015e-9
2.539018011354892314346570000679070950679e-9
-1.557694693755812137134957995954950433484e-9
-3.01225888090520247194277667626726428634e-10
4.607157914687861143739539717678714169572e-10
-3.293756816012408502073057013956226424367e-11
-1.004766487417453318797263364384488566163e-10
3.060287406312606370944026029157689532991e-11
1.488176500577466507996586622272489774103e-11
-9.863588150913140537250473761878100483497e-12
-7.407148582795159954047545377918829798433e-13
2.090247697442851618781981921345498159259e-12
-3.425151509589057759781189919042325626831e-13
-2.961161809660289898527270956904412376205e-13
1.269197209964283585368630803542638600705e-13
1.954875396369076139485787306979934630398e-14
-2.443010502212906103849340554435040294234e-14
2.670036869163303646173617144363905206148e-15
2.876761999301880475607727416624161365596e-15
-1.020580334157947203477907847458538574079e-15
-1.372418862952181257526372023314475897686e-16
1.557340183593625374874303393100160840609e-16
-1.970189600830540987505380771460052808025e-17
-1.239548835044568776880138431701882177579e-17
4.822604178990866779029867825918307251733e-18
8.542660327864995822430103720093717106668e-20
-4.472518101705614187675465893392744602866e-19
9.417448129867949531032573057115383792678e-20
1.271370632525947357173267303124729385293e-20
-9.435430687954063958531405473642344877517e-21
1.31634263134411982427190649682146633552e-21
2.462034638146441705797985984403350617694e-22
-1.229079627952530698846131600376515174415e-22
1.633741363023023289564684770832315637842e-23
1.207024705979173863950953788679690388356e-24
-8.197352200053686861916696785742430227486e-25
1.48817107836255779955459418748503078241e-25
-1.48612587685493552521511031305278043895e-26
8.30328375333878147454857586932026323631e-28
-2.053365826667814328338290204921991686953e-29
