# db63 scaling coefficients
2.330426231197260296394603770319776191686e-10
9.57258381136929674057192047853371560559e-9
1.892187679968314065768682972786731995793e-7
2.393717595388751366545817661287150603372e-6
2.17380225775593388544142344453847386942e-5
1.50631016824028457066864373021241240387e-4
8.261540230557923038242767110912202182426e-4
3.669961101226286651039438146662795951535e-3
1.339268615835489708549627787472530344248e-2
4.044707316811554853619803851587015202867e-2
1.012063078546415616741163765187676626251e-1
2.085329451789829121437930028308328501841e-1
3.479287824918875375675597296335091553312e-1
4.52823675868051339642514075968750592707e-1
4.191870435200778288472802551894426132853e-1
1.91480091586681814627625856574365710678e-1
-1.30309905494488608186004472131766741805e-1
-3.063799617399880676865532363035865558735e-1
-1.734744501873890415310128550872021924169e-1
1.269953677255800891800891845985347648249e-1
2.453010166440815943099856720479058030274e-1
4.247744868251341026005738977467671505696e-2
-1.945712553301099593306874084260461553268e-1
-1.309449296912561197957291052117860610883e-1
1.18920395332184281839929813971854143988e-1
1.5861214179951656692695561074122775347e-1
-5.758441029452019430446750868614872515729e-2
-1.550597126547021523906312855424828944267e-1
1.795184093352046486313987408499457309484e-2
1.392927181000868068992815775526323789977e-1
3.549380143398983148917209901647037178887e-3
-1.205748800395914933763626577558260582199e-1
-1.24431135691151029087005659435777924409e-2
1.024967560949138489345023054171555017016e-1
1.346188727031111200231560627891211330986e-2
-8.59789789616327939459091042023083840989e-2
-1.013205389919329322478898622370243334525e-2
7.09531095487642390723056995310474112065e-2
4.968966680752434479518039636931977648531e-3
-5.717806298950284463401820251416532739781e-2
2.936916414125773522861049503271060784546e-4
4.456636629413065049036214592225446578349e-2
-4.560022492681308341630332674641636077457e-3
-3.324036505787903641191400746882498361851e-2
7.283896945815439583219180470129441045519e-3
2.344820929502905066862423510614542672922e-2
-8.381714006620056111110099753167085738791e-3
-1.542931314039114526137186029503161725556e-2
8.112897519581621740174328518688599048528e-3
9.296420081557463528687711428972600950428e-3
-6.929585663414162672960360129694687707447e-3
-4.976436206645931972404174521542404181305e-3
5.323311303774180594200268765359686295045e-3
2.221533771271443934269791908478071053609e-3
-3.703924433571653689721728560512393307658e-3
-6.736071331512541262874092631357173608428e-4
2.334579891003548711591249081062805118316e-3
-5.099645063664222279564894685569945703659e-5
-1.325299555256102981864690455906099816863e-3
2.890908051937083221937245328692246354543e-4
6.684882604605166849514149168521182683076e-4
-2.899892827538588985991818901950032820932e-4
-2.912257509143409673708612775978968715e-4
2.088603296023243829838685164206075265443e-4
1.023652772202365647601512010087673938034e-4
-1.238750820339710083328216272505105218522e-4
-2.266677076740021128850863740643008689772e-5
6.276311122528500490824713546857618932033e-5
-3.194172042416501666163887091991617010142e-6
-2.727488367692024150797304004476345608551e-5
7.34977989194761159052553078654945806955e-6
9.957153845864164322153601353951113569328e-6
-5.241312141254157309314866243899309122946e-6
-2.854001515047071782879218781846914624456e-6
2.69756341641194909128960295502445149766e-6
4.897348481110070302930515338670187893319e-7
-1.116827748200748232348985867292720322754e-6
7.37965001712160484426805164529678275909e-8
3.78320287575716168661430874188500435987e-7
-1.111700156492487725807445028368616278507e-7
-1.013342504285466629395455038063815325635e-7
5.924724245949097465466476658463309344334e-8
1.850718955996914100712420467810470958168e-8
-2.241931059249610758372650142262768171483e-8
-3.811382694328037801603344722384175286316e-10
6.5693605529962559087277643469904258906e-9
-1.401228407890243776440296506719187464568e-9
-1.463049812310757188772736947327655100768e-9
7.052370874543674979166900690209830309571e-10
2.104379365011110770598778605716870915892e-10
-2.222443879682451876677185898763337872127e-10
1.052569347292422454159215377378032070852e-12
5.089803176769226820495156873659469446722e-11
-1.195882810110439982675770281104031741079e-11
-8.14708893972307587664444408825855698646e-12
4.344401920808219346233179042738650017057e-12
6.182584423554661067607243566085105034209e-13
-9.722737769371920697974502830262590649024e-13
1.101989137934323636761359154459007742703e-13
1.458715565435432159862437744829985963458e-13
-5.210947677471703790780856578895981286938e-14
-1.159493343884592298921636328022764318904e-14
1.070177800948283894301666531643725500287e-14
-7.449985878027387776198154304778593950853e-16
-1.330519949391023325845896830711247763774e-15
4.036134059658183540589373990674817048499e-16
7.61580691919218635744299258600073174013e-17
-6.572127672357651201052202785096336177394e-17
6.359368586561381455949956099335359515953e-18
5.554438039281282321440941239269412138627e-18
-1.898167656370760180863659033352877938373e-18
-8.91545120888337146453623799496674831745e-20
1.857728111419608454282263718729690433544e-19
-3.480457650321466300543147068395591521575e-20
-6.022518454947891831680088025622899294322e-21
3.744908214351503896970707192197985446402e-21
-4.664116296798375591716638758393517574541e-22
-1.06817726741632341118102985808393971112e-22
4.754389716762511378239702052954677135381e-23
-5.869363610499306778555837373493154462117e-24
-5.375653420294573559316138709452448991558e-25
3.14481134275688899345343628189282876894e-25
-5.523742357768833989807276239003744651283e-26
5.398146235907206832980873042817566188242e-27
-2.96321138776560701757706420882307383452e-28
7.213878387180830557580549316454085855143e-30
