# db64 scaling coefficients
1.645006396918482016637754407958153287112e-10
6.862243566447607848804328632379440198614e-9
1.378356891163674539833322146483200056923e-7
1.773051575868889781927057703931626640353e-6
1.638526070914480916788008947422539132905e-5
1.156437005328076647697852075854928490417e-4
6.467031741657116889528074638070988784738e-4
2.932933677659605090163938909353093767445e-3
1.094468906676134247631431244626029355399e-2
3.387023737317392621373508334592741880047e-2
8.708641680156155364051428616598133851971e-2
1.851318115161405632101129572083523172616e-1
3.207253218158090969979127183153630573468e-1
4.385434045369815463628859634039249642381e-1
4.388455320911730293886152547650386864817e-1
2.485741908094379247058176176001470653863e-1
-6.874112202296156869729323116061300210596e-2
-2.929023481890662677190194107849984609794e-1
-2.243502614889695280245366954397220006221e-1
6.652401804441008476000620509888394863613e-2
2.486752069192634444851506117834949700653e-1
1.048266792863840600218306910578384628163e-1
-1.608681639674704950986153996643267606831e-1
-1.74186366712054735837537188131185490466e-1
6.749526424912915240239095784006772232199e-2
1.805143483338210960355467184019436380395e-1
-2.004002590400418068008578472614327673158e-3
-1.607863619303893109448845297381365023167e-1
-3.499428879124405890706965858143082638854e-2
1.35134711255291750177804965581579206395e-1
5.135533778856914018272071592303379483864e-2
-1.117206863859674280127662526149882918793e-1
-5.464557011784766716799641168991275631053e-2
9.262651545068075873107300074770963033375e-2
5.030283922847214250390777991155314981512e-2
-7.743639860532429174640471629779492300424e-2
-4.192926150990637845799536175156049062283e-2
6.500991768914742919493800342836750936487e-2
3.191554992374960642787881095917980065002e-2
-5.426758604656859422850452977181603759767e-2
-2.189637226957379189939399542672285272197e-2
4.449069685467485447570490630849561763255e-2
1.298584820434597576725926382149213651622e-2
-3.53768790083102494700917218749502856347e-2
-5.867419778878301539481487342251394575397e-3
2.69625177136965025681701738042237916238e-2
8.275621184101299862508184257642660165548e-4
-1.947699912788234947443382218129435920845e-2
2.200056789413382397030057386634572056483e-3
1.318273703934237431598410497109150858756e-2
-3.549690925438103137805548853651964891957e-3
-8.247675220305485309404230544947590873229e-3
3.70320374249831534452484260616472589627e-3
4.680189144393998910171249223503260835672e-3
-3.162812928250957249248272174416990889209e-3
-2.331534469675501680262318908476704639978e-3
2.349966188888154781145154703049209004206e-3
9.477472478980682940117453103102625798828e-4
-1.551556839612985462753350006658485023193e-3
-2.405956190048538811483439150819381353731e-4
9.153626115808310974454803207675754438262e-4
-5.092246872332552790589061408708335100574e-5
-4.803204944751750426036409174072253233563e-4
1.249260346122575038807787600706579852254e-4
2.205620251211702162898055908178551478581e-4
-1.087102327043451628829837783037504900599e-4
-8.52637591180042425091651615245636787207e-5
7.022211449189133086105878132022885965638e-5
2.489808105642109452057832191802517102776e-5
-3.749712353575969182662709496413335272701e-5
-2.98425955803251674429411103412862523175e-6
1.700849753385505242206770804911358082038e-5
-2.465315888317110504784464642243284694593e-6
-6.521266818389111685577614840480721647565e-6
2.445615858761916841701770693365988389067e-6
2.031786041580912981865937878935634823283e-6
-1.396465722507426193606521869279711682281e-6
-4.490474619259934800104955418135233545306e-7
6.117224426272226465043650738295964816235e-7
2.164865868773337035723042779665945091401e-8
-2.168982349515568577500839392985653831953e-7
4.196719230763614691787937056602324268912e-8
6.158140573582340296938336251480792984475e-8
-2.742860348559843814952776177083760753838e-8
-1.281296750019234955599356038004743753312e-8
1.118752054067282392590341001772132497602e-8
1.179649066489023786671901570710811027789e-9
-3.44256232184109188821020158534036911822e-9
4.66387934048237279034104905721271129216e-10
8.102718108131769434928719110161056119016e-10
-3.068092888653094444024179013520698754849e-10
-1.318944826944820270707530160743902092554e-10
1.045554103240999589167415598688764124671e-10
6.750822878598811838106266323296125887705e-12
-2.516642532306763666296816433204304688986e-11
4.325404112438075122948633366990606714359e-12
4.294994442993350930842097020145058559907e-12
-1.86534321437420129139752752502572739901e-12
-4.083622610855392063895932439299753351702e-13
4.438844958356042486118952917086363412529e-13
-2.848339224788578446983966899904224555856e-14
-7.022042478925857688016339636876422645504e-14
2.084815170892440319012096909333346211139e-14
6.355802800262364798664988597728357010454e-15
-4.618312069633544204228152745491415698187e-15
1.38297971683403059405196587247840295917e-16
6.048892304958797354019140319479908659042e-16
-1.563898734223655313266169773345871362052e-16
-3.951649638527645813140896787610684539159e-17
2.74246186692272465595115432622349326422e-17
-1.85160433552231787475727009514558714247e-18
-2.45117795174058456410882448489726406802e-18
7.388151207072207698362242608594254297894e-19
5.801376201931609074725021800887617163488e-20
-7.651406313617566539686505441061992668573e-20
1.268203217612514395635122989339183602773e-20
2.761002509178697642886086088822363415771e-21
-1.477869936492193998660727593316086663325e-21
1.627268644040376625305538488283309740849e-22
4.561101934511543201926476274809631373369e-23
-1.83237291766559356502560137167343301515e-23
2.094948267217861067540225609559001222227e-24
2.333253927992015291500429016104628978333e-25
-1.20384175811159699553436343262861701563e-25
2.048385781732493954210578714292363000257e-26
-1.959924490090559479629507761206200606659e-27
1.057339847812929360430909924020507841949e-28
-2.534638703110746779570301781194070584978e-30
