# db66 scaling coefficients
8.197182088398613427007867009358925370127e-11
3.52426602092741454955194449448750635587e-9
7.303960648818194820878194571747111512067e-8
9.706564220156795330184959455543767270712e-7
9.280655524994077090244809691606208269603e-6
6.788352529200285520607466129304776167267e-5
3.942153365738988982925987248244011577743e-4
1.861075151841257520396711803839034378951e-3
7.250900322009260408263553552653147782487e-3
2.351712946104797304192810451998721452768e-2
6.36929717136940610307079315078325004871e-2
1.436472622472016552269630684229174984132e-1
2.669201108505346482905515753854553504659e-1
3.990319300430433931585652939509012065836e-1
4.553191644478067402915848086428525832898e-1
3.427064734967689634731333022598848949622e-1
6.050513836759023996334840707999089387105e-2
-2.284512388639428277124689092745642648651e-1
-2.902326882745964366711005450589887714176e-1
-6.419146687132373677539774754819579749037e-2
2.055294858118986559838077813894515174122e-1
2.036586275900781539581906250786919811952e-1
-5.566113746915650952158453866805600765153e-2
-2.125482514006508117638778965325514194088e-1
-5.226197395909774651088516466785250942875e-2
1.682558999706928976216484562393900798077e-1
1.073798146354502102781647949297421996305e-1
-1.169029234262084065409744903072147984647e-1
-1.26340298376518283365755894871701045436e-1
7.58227771106918478343641335706914265955e-2
1.25558751431337113471462519055058542928e-1
-4.807462828982988576005889661487982927881e-2
-1.154887316517892118593900629390561566749e-1
3.15578883147458117892925969903933397987e-2
1.016656789280128052777033552810991341053e-1
-2.302854710633994441010336158297967275077e-2
-8.670049439902377724551214608852504465216e-2
1.950035331521911614506733471875092915022e-2
7.175864842491897839799784441719813356948e-2
-1.860570080296105060721360946140454443041e-2
-5.742155831695815745294666464624991481316e-2
1.862742151679816222825499080309426851037e-2
4.410405056097314824189608868191950186763e-2
-1.845322976944290933549981995383080313161e-2
-3.219544937164882824915366380651300036302e-2
1.750949876037403498955402476921300175186e-2
2.204796780948114147061522804192061260329e-2
-1.566903797052519414642459631654113663495e-2
-1.390369320958567963059136385885678921784e-2
1.3125276884880441303237499663609062839e-2
7.826497834312652902728061831326925292681e-3
-1.024356854901562893360715793001334750512e-2
-3.678705462567545819341155651898902524729e-3
7.416738428481746270652186801692030648742e-3
1.153314738087966809031260119310062985977e-3
-4.955224464578387536952359385627371283119e-3
1.52746371529909818799076541010627086547e-4
3.031051617271610137659224110561712954723e-3
-6.529090001136830932004579920834955872814e-4
-1.676209772530634286162983819295395437183e-3
7.009539406165958665168576602085280763683e-4
8.194158065372018313050317729239186839651e-4
-5.532801533622274568448045412222978544425e-4
-3.377505087190890887599026590530738236032e-4
3.648213017024008650782765555717394283281e-4
1.025145566773306402554660796851059578189e-4
-2.085164064100708283331104350899380809927e-4
-7.972488876649982609283936281699596332892e-6
1.041684538867544953144377476449083294767e-4
-1.828877674361537673658944013540753538133e-5
-4.505100835654473540828648371284085683551e-5
1.81110180088799102046235708631912925218e-5
1.630272406064831417285330444683569287207e-5
-1.150294887563408566846441626469608982263e-5
-4.462935090894457889975737182704654070924e-6
5.797771731573211395412412799505530904543e-6
5.387217139125989230045373409870502375602e-7
-2.431326712623597959504860943443265877995e-6
3.335978559588580579670687518515423453328e-7
8.475566998154110009468331182136351292891e-7
-3.140583322303374149222755634300001117842e-7
-2.34685401272449153513671465288553652475e-7
1.634198121435953206532712853985093549223e-7
4.321750206415749124835721108661642766362e-8
-6.42599158755268377930355867256883223737e-8
6.312229111224321074968146819605641771156e-10
2.012128185975866266755076169969533917369e-8
-4.794090206415093363109164917221283595078e-9
-4.899939788860357598781302948886504937691e-9
2.511682010322699051916768261107324083695e-9
8.014281293914141650345073157008609740284e-10
-8.696133643799208505375018082632218163827e-10
-1.22470497609956618833516846378697229643e-11
2.260196811823055326368687629466376132332e-10
-4.897557815870044674494477967415792462714e-11
-4.31500052780764599985477004131878079348e-11
2.134935114711977870824498312538204618001e-11
4.805352124373998835648388500987105836523e-12
-5.754904479490431701590451601875582459761e-12
3.151958591363715084804046427439387072398e-13
1.094438061668937498647643694375593068521e-12
-3.135101019225018904538844448092535641508e-13
-1.338493200771005416823371664927782297784e-13
8.753870797345129730764656622348922426764e-14
3.167418360265356225297541903113059009346e-15
-1.534413829798180453192175235563307326337e-14
3.014351645772809254891308034316471764602e-15
1.659988332478671083439924188467745638129e-15
-8.218245503976965946666186764373736123274e-16
-4.39772433036036188050508450159797805205e-17
1.195239271432734766047281317305614489739e-16
-2.172610542187891833307012520452713001553e-17
-9.414249274756079918962752274943465794271e-18
4.618525037327364780216094891282557304243e-18
-3.845067999896479865708344576200796138717e-20
-4.591864397361192586008277531425392724261e-19
1.078637769777208225240470745047725859482e-19
1.644929401226752182575577609773845332948e-20
-1.267752291681718577177433323914785653434e-20
1.596657002208094876423857719514390388707e-21
5.420268079956566987361572990868287305572e-22
-2.263896321479180946009244345269097204662e-22
1.861941245682899397892817370560849430237e-23
8.012720283847132764372633959196264758133e-24
-2.693198616115795148945712600849899328914e-24
2.609358763789508000889083296580306882919e-25
4.164210941201618932959904647674945583421e-26
-1.753493505306476860571909706149604956147e-26
2.809463122518008787515019652005240418584e-27
-2.580303840089229356026487224857724890881e-28
1.345684647618965695286661065884771167364e-29
-3.129962955291443133243859728900036404551e-31
