# db67 scaling coefficients
5.786670033934754889088111655118169422031e-11
2.524873869262585631041572767508437352731e-9
5.313366869945079123610980149479454852923e-8
7.174322892057402288617122919262319626342e-7
6.974274252361517073315208000850358419446e-6
5.190842697685773184850675738376697468954e-5
3.070217454529914010386701658215743576494e-4
1.477921847171135278342682821358618042292e-3
5.879385172389654536201123623269931658215e-3
1.950451497554183753478418575305739241841e-2
5.415632077391554071388150202364787911398e-2
1.256145941658137443080587723466039368414e-1
2.41192733935646383695514192126944203698e-1
3.755440426738222543167289649945670595244e-1
4.534741479388964820669374748592959002705e-1
3.784675265261737417872065527644728038958e-1
1.237998822668418983702403046118406928973e-1
-1.811703426212504795093909899914210653741e-1
-3.028463141640062935951490775444811598276e-1
-1.267605104063431875860250825331048949023e-1
1.626408004886671680008171359646274369333e-1
2.332747045510523043973433178320497710811e-1
6.949723506511503243743572833910405226519e-3
-2.046906493141319722246590319266183224197e-1
-1.090848660221759363327081367665378624915e-1
1.355259424836663043861294647523426661278e-1
1.492329988793682495727181779388890871658e-1
-7.224732219127644600312155583878608262759e-2
-1.53463435058707692069739695698156057139e-1
2.787280292849414029580459460520857042525e-2
1.416504184717360153004176228100091136193e-1
-1.549898958993550903454235406671225308983e-3
-1.246689105825489990459476423508070069518e-1
-1.127552915503033153603689677249739343201e-2
1.073281888792249990672305203938191403919e-1
1.511863450162490440256013361632876472574e-2
-9.123651068950906807978311897902324511901e-2
-1.35390895689735263354125685917093163533e-2
7.660537721592480999916772703957772930813e-2
9.157016741717871993341856390236172694549e-3
-6.321483763296394633796116292225420742556e-2
-3.850270035119179051535361311863969698981e-3
5.08665327308487388499430667265069246084e-2
-1.091911487227967596751911371885787596508e-3
-3.95427331427796660206136496604986882118e-2
4.88121757737825594116260702671457380896e-3
2.939887964004442712688597066595829444393e-2
-7.169993739717349507684588494491516136232e-3
-2.067141566506407098438216128522016453246e-2
7.978335185534207898095230155457599270586e-3
1.356272379854336739931514231159540893599e-2
-7.590422294404103454197083107778984129432e-3
-8.150358089223242182111269257958842667821e-3
6.427877756144873942771395364515519024784e-3
4.34839206236073720030178667618349520099e-3
-4.925222906627720743909202404733634084794e-3
-1.925213208432687099004359898165681818832e-3
3.43509783840681442263616830514362102809e-3
5.614720537940705485813322150913206045851e-4
-2.180177628870829548045669624637654579935e-3
7.875284532634096152085308369131638626371e-5
1.251890989543518104129445946170761169957e-3
-2.887573638104795405816890237051891491473e-4
-6.418394194427051055098187825991786470081e-4
2.863803946426636330112068144509345024265e-4
2.85882009731758925040342058689439606904e-4
-2.087871044153269020573335050466689915348e-4
-1.036697630118535344713910484096631185983e-4
1.266246166835560642102047357795945582887e-4
2.43419415447916726251604802472075840663e-5
-6.612470105490412050595674239007841123658e-5
2.682668298988287485912952875594014450798e-6
2.986888730361617670382179360819766985267e-5
-7.6822880577804941616785240455334275126e-6
-1.146587351813511533999475829501225539647e-5
5.816511350569490172657738381220765833002e-6
3.533211969862666886998294319006832453469e-6
-3.167653128054699856683581347969810279988e-6
-7.103115456854475352368123005995691248414e-7
1.396453767509997944946459423867122208953e-6
-4.204427987915913133748368443524409564084e-8
-5.099286333624256069838701278677886355158e-7
1.302371274820332495369882926874033375797e-7
1.508188984380075513099915829755880355453e-7
-7.905637364698412503552310898651412737118e-8
-3.264353972297332434511292335652138131044e-8
3.326360263369897438643126417484165475897e-8
2.792698240670099805690144955268661553967e-9
-1.093040104481326379926475869225058367872e-8
1.661159503706661940583094760680130946172e-9
2.8165998170566471774516896739489835145e-9
-1.118301381870641842370686816888611433657e-9
-5.206175708047391875800986438808572348162e-10
4.192648815698459091118510647550634441523e-10
3.889214212922238347560715226747073984485e-11
-1.146083340073161150859410837898261949541e-10
1.688542118105982507311785765282306977411e-11
2.321471701125492163401227745061563118652e-11
-9.21070046198294553059152887436448872741e-12
-3.016603684655459217332815710004972883576e-12
2.664659473984316258280371477968252922807e-12
9.428113816018927863320788722245161481028e-15
-5.330952906421618090737947926558938628935e-13
1.208607657587787959372309847028406724468e-13
7.080136277561676571248720625611587082624e-14
-3.77818534818141720292817974499072085253e-14
-3.426931108880981957774305902933097251759e-15
6.988300516687937847125239211727204904315e-15
-1.063876069084047747996309635752025109884e-15
-8.089948245199807520071670751139401853672e-16
3.38492093856819644734885254116738473029e-16
3.378268486037830789222084332092650090422e-17
-5.206434492400808526353043173552364838894e-17
7.67620038541139597482355248797129242968e-18
4.407146308854683094459208040931903464405e-18
-1.863462241051790966422209392352175033142e-18
-4.247526262998162146171260758348291754754e-20
1.9541106392805378438099437708431404685e-19
-4.035059930393602352935446409545251428787e-20
-7.985239199026697971296094829609506927328e-21
5.10333719432289035292950903735540894002e-21
-5.469074184213642870740413835985478031066e-22
-2.341710887980151179679732392294380770774e-22
8.789736577809564822335710807473314131436e-23
-6.025648994497589985754253472528220163176e-24
-3.308636736008930399662708152405699071694e-24
1.027269339725856598159668012836920273764e-24
-9.086506073321006490783126283989082152422e-26
-1.724500285593805035797709861618847610068e-26
6.673640838963626310616382323269343919707e-27
-1.039166464362371741529386997721442430018e-27
9.356630973390020433395937342809343676395e-29
-4.799802891675890704024798532548407307882e-30
1.100050022307299969619523332738212666261e-31
