# db68 scaling coefficients
4.085101849941774298103210379183985892294e-11
1.80853637340256556051312440181815745961e-9
3.863647289853048001538607212541040812937e-8
5.299125576527600722803600835507000546199e-7
5.236113099714423263599312046037169832711e-6
3.96433548622254421604805481814273906606e-5
2.387358016500499743288867072922789372655e-4
1.171345429657053803355933315170360740704e-3
4.755793678995346805626842607798493441426e-3
1.612881220622843862723992137490003453182e-2
4.588051214805481906318190437974129134508e-2
1.093481069826300363857848124693821142705e-1
2.166728314946386843844619633298455992782e-1
3.506078911165845209409716727947380502601e-1
4.459698995727045541621767026886633493055e-1
4.063883289806212494048105620327530584954e-1
1.837393390751932300675350073575497452144e-1
-1.26748374367165514292481963640557169618e-1
-3.015794347874706114036734009933305065436e-1
-1.829365830673248810108369368029749209499e-1
1.093259871760683621774834949359936894338e-1
2.46969427625310873203976025373702894437e-1
6.971997995870107775459910378508926752423e-2
-1.795168513672036385370677016840021588842e-1
-1.567917858306556682720848849958379207134e-1
8.89774024177400367609933432379813097557e-2
1.762743357669060303640494757461514228312e-1
-1.860267517533306385365948215637297711183e-2
-1.632618363278534170466886691144837659609e-1
-2.486613936977316316024185463497862073841e-2
1.399498634998625479160533786134758031404e-1
4.687408986657536539719110089468784777275e-2
-1.166963530908039627884813584875316370578e-1
-5.444731654425849638343352740941131287812e-2
9.702710131829038780012655000630084784603e-2
5.312657773396573498272970290929523930337e-2
-8.128730477298415903887322962516784593415e-2
-4.672280929965855601648136250336577406962e-2
6.864086770414907081689756231830451748905e-2
3.778437143096085784512985590906778632136e-2
-5.803333760616363435032732037845263878134e-2
-2.805561597918736352355713081317927483194e-2
4.861252763177997406572692032186017768971e-2
1.876155366664905242237058695419335364638e-2
-3.987500691342534155888703548654552263987e-2
-1.073820882740740749698188628508271658863e-2
3.166426071650056871753427657567521674471e-2
4.475290399862353262196167514551260622341e-3
-2.408318459215825843830049959264569591724e-2
-1.359070882523424654572491884807158226213e-4
1.736482415362611926718645723720025561185e-2
-2.403074188738609850238764754701771104813e-3
-1.174172331564535694180920919740205884523e-2
3.474447011523665202165599430860928594751e-3
7.348318133698487826722713203324187362182e-3
-3.517741431045852415863723929226914176006e-3
-4.176531128802131788696448402109727713524e-3
2.974812428652836669197959334271211651389e-3
2.085255597043126865930615932508933946752e-3
-2.209734687363800412056875005209478006415e-3
-8.473523874030292128398864413800558109693e-4
1.468203414133189373026036908326301212658e-3
2.096127222854881046274012999679514323171e-4
-8.764978970860792971022747390029291964822e-4
5.640552929915530571134311118150833068624e-5
4.679243946682064376788130629042532382979e-4
-1.250274510710333242097113113823708843894e-4
-2.199372065702138124262883907734190135445e-4
1.097513276751186413593736648145015551149e-4
8.775350475082663297301898783916413056107e-5
-7.253882671844004250391690079167947867069e-5
-2.69040358373690787118866177886004837996e-5
3.996613133034499777347496015107289313306e-5
3.807900889491682177658937190494394477697e-6
-1.885765795966165411423612569961400828962e-5
2.430078042611200193806217318907319565779e-6
7.598895387203405900426193872049825798499e-6
-2.697504285216388252799705481865809029637e-6
-2.531284135483480048982712915568861384645e-6
1.647029501277357342187324828857108491222e-6
6.262579893809987948207124483276029141042e-7
-7.713515914900414032223510756581954185285e-7
-6.088246047817998339571452161571850672003e-8
2.950865947862783533573161886458854628564e-7
-4.502790436616349949935621609198668064367e-8
-9.213048717294425985647367020903538421958e-8
3.613981557561454201454417840777898643252e-8
2.210773338084900398568922538575405756834e-8
-1.662755379903331768570758455193011229382e-8
-3.101990677808670760826050163965530645834e-9
5.758987036949282488456641621111160374547e-9
-4.02888562374636261525217465752653045251e-10
-1.561292760368446161566846720948806449725e-9
4.708171839287328730212554801882607361627e-10
3.149564220894905843244270259622968965844e-10
-1.962784042365937795379689997336911974041e-10
-3.524041331830171940458104993794317974169e-11
5.669265112272676402995103370140804855365e-11
-4.599089706769795282147325580391963814829e-12
-1.211129865247734001303900445120744638981e-11
3.823250948083910820539573078717150438344e-12
1.753278124101339865694645964139863628104e-12
-1.207237963339004709782736480174055199065e-12
-7.791338585592452616907954026019765932496e-14
2.543434675101058220459428983719345502576e-13
-4.380354454308423093837333516039277244708e-14
-3.61725310206027367733451810743421204516e-14
1.597565236270007751781949536026325063047e-14
2.412675841782538397603269673343692967357e-15
-3.13219689803500326327113901006542992286e-15
3.449044355330092519444015201128303453634e-16
3.850773392656672750567151913526162811947e-16
-1.370086787324981534687386272559681729675e-16
-2.074499517156613280398291980650268504857e-17
2.239615655227149017789572991761163956816e-17
-2.567501323685873962951900035175995032546e-18
-2.020960354440576872103024081877793553394e-18
7.430417111702743192423395433554421257393e-19
4.150319183863571110449093105409450859692e-20
-8.232387181136425953012025790282202666917e-20
1.484234951320144949934992399839412168582e-20
3.741023146363752221023277427370557034071e-21
-2.039795428537457846179693947378091002084e-21
1.811587203373656339279862104404119834782e-22
9.985323424380526004206871984558179893057e-23
-3.394694599979089490538507520630008046394e-23
1.862061067121464016477816827329620693194e-24
1.355023751087727237623863837185674692126e-24
-3.905411986711310138088757444590285025251e-25
3.129853048213022709094531984840788893193e-26
7.069190117765248425621029591671853709913e-27
-2.535561071263711563537835318063135084902e-27
3.84062513358214595872791466276721884968e-28
-3.391544440281636376689662765068372122983e-29
1.711786016505191801381986677939532241816e-30
-3.866563219612544906421689632701017842422e-32
