# db69 scaling coefficients
2.883943931937981785595932042386933499861e-11
1.29519087631977389718792644559051866789e-9
2.80832154896743722060699611828854078986e-8
3.911507470416349511509110360482733178028e-7
3.927545592566793938317462475808008244336e-6
3.023980945571673017795802056556673362605e-5
1.853536724308317897360829783658682463978e-4
9.266026480281607998851230397242846367648e-4
3.837981257086247871334666064574008177314e-3
1.329949923094331233378706908705009286735e-2
3.873424537728248975570485601564537690553e-2
9.477729132247351861815221057120356230502e-2
1.935730267336370918428814419471202104259e-1
3.248938670630422460053939985973438133706e-1
4.336619174267815178942871147820600296668e-1
4.265898111050738315765217007106832954305e-1
2.388726681058803499328415659863274540952e-1
-6.747976761712413597919486975199725763749e-2
-2.870293844749322006001292930768959518584e-1
-2.300060741511899927387944078826422697303e-1
4.906138471874085209250222121668948027141e-2
2.441886946096568708894461545527266655979e-1
1.279463677515686720770283093808796786039e-1
-1.393653523076928864311967052909774123569e-1
-1.912359029515933155876780158131326422044e-1
3.320265943590715736473253420973693329043e-2
1.857939944931180232076304301141126955203e-1
3.815139366413465350729896189443853674487e-2
-1.545495760923328361032516754198341470218e-1
-7.599133247046955652168692444107012860409e-2
1.204659857821663337943052263549614942768e-1
9.073545105988843369138731851637723011537e-2
-9.231129638349210330619581597243080141689e-2
-9.167939558474134851206887272617138802696e-2
7.178402823327515712490534680869136214765e-2
8.503018394903639626538201114750551567417e-2
-5.778448246622845318605164352038839561327e-2
-7.449345637090147600603878273363995534483e-2
4.844106629270442855893057377608330779542e-2
6.222733474600618144580749259352596103379e-2
-4.194857567367916898890108948678168198441e-2
-4.955998165957792520048282343782055808824e-2
3.687746717047020230588770735351361376684e-2
3.740434871774275040069513275725572019506e-2
-3.226418139832931068481641923010355575539e-2
-2.644198776758648564211257459253753022045e-2
2.760150992852884400588566538768265700194e-2
1.716588171293537505750299807881035275182e-2
-2.27677030911599823320564533043038124597e-2
-9.861025960186885736496605630195571376511e-3
1.79122491236204715499416773472739289043e-2
4.582290413581077636412054297503523128245e-3
-1.33201291627942027727523590000685393925e-2
-1.164968337550811238044681561589640255763e-3
9.283203573326606349413143037541256596566e-3
-7.226731330959844322864837314307830886825e-4
-6.006029745929199331519939435867624499197e-3
1.497559441350449362324055190793893738627e-3
3.561891452412050188129930886591225879939e-3
-1.575273236533985727793806370440574258134e-3
-1.898059517805663071736214268923336958602e-3
1.302742635421210279263517629077106145195e-3
8.74893055366641164192110384118657791025e-4
-9.23803961714444743374361444897632939937e-4
-3.17006915554920340448179757956586865856e-4
5.778085236933572041728435197197128309028e-4
5.74427618689361238480082976170354787761e-5
-3.211380631812473389861024598729113222937e-4
3.564884094999060725813121254974449872837e-5
1.577326344963619745913027159585871001314e-4
-5.088437441468739556869517912360612255153e-5
-6.705745862434748162936182458403570650251e-5
3.879206284993218576369011601063426195094e-5
2.338689146273923124325656684657520520308e-5
-2.296552412203338277642255223120947737735e-5
-5.602525774199158733744208269154802635626e-6
1.137787949735815707440637021943960256878e-5
-6.889285853914636196477809892516129085267e-8
-4.794990326328295572685344553418151964445e-6
1.088742310988439672539658902395347957285e-6
1.69385876103453017590402869297454269259e-6
-8.06933534211369625619948872666038608021e-7
-4.716320597488862471785472417745095747111e-7
4.091915924765069370636683786285295671287e-7
8.085326641068171031770226241181364552761e-8
-1.646996180126165029204159302880145952063e-7
9.071153290762005393894106426457377184225e-9
5.398852403152210031466613484131495224099e-8
-1.528779974593767095535318678047282450393e-8
-1.396193279502888599726079176141746944676e-8
7.99835920370355813506639413528812892057e-9
2.448977118496501340588846037034927084562e-9
-2.94536789928324915562541615866336016695e-9
-3.509643468980536466336684530896004483087e-11
8.38573910793315434830900555190461000622e-10
-1.829766733536871554997668614401872765006e-10
-1.811567983311725846817029480281798412308e-10
8.89489444663130895160151507023899536178e-11
2.495892240017135261673157373869827835447e-11
-2.737552232427326567893480500084551182502e-11
4.205292487079381037463237476022404869648e-13
6.152550977923485656267997593392300338517e-12
-1.50975254475844590762631644059765521198e-12
-9.673537686687250129067479076474660307019e-13
5.34601384031025786960435146782422099115e-13
6.995105319697389187846459700845891878935e-14
-1.190194402643879587341809717873507496206e-13
1.438923237041673010976008250573410797254e-14
1.797135330741927742760989409788689989236e-14
-6.604085396065072389943783931914319092941e-15
-1.455463895210209540410117179770829481894e-15
1.382312520454394032046345215631426309058e-15
-9.531221831033193770653097351437704664991e-17
-1.796630293560189859268676975403138770832e-16
5.439409936975241095431749711040053997053e-17
1.147264342595146578920601035816546694244e-17
-9.517792285760812805068661774181414556493e-18
7.869265167761531680292129728864562414092e-19
9.107469900055301573823396141432294843083e-19
-2.926102270459190074191975942781352529515e-19
-2.685026070577112469553154198537662607481e-20
3.435536751306570261342559981028253130147e-20
-5.351030843735182415074264733897131621136e-21
-1.70687248206188173203724034897523882498e-21
8.096350257204334188484419729154520224615e-22
-5.720782763328784119829202828946995174045e-23
-4.210400855844624497384947325757880952478e-23
1.304167825626519694551650190293911975806e-23
-5.348724571626037918960528200393927726907e-25
-5.509197023188435621130518214120350841652e-25
1.479917553955640331077621271519463080331e-25
-1.064105360900840244237837778765919054936e-26
-2.873053233394160065265181990780041029965e-27
9.617826392489159242055602889956908720191e-28
-1.418358665658027096731545605635437510354e-28
1.228881845693613322019864700901561206572e-29
-6.104119454098062461049292337643809681979e-31
1.359177136075223516377890908151862097024e-32
