# db70 scaling coefficients
2.036011481221482893665835842133638827651e-11
9.273882397028552222005812235640944972773e-10
2.040436322628713324959995974507926445075e-8
2.885420699267399059554224817609089403956e-7
2.943389175244548122588819773687645054182e-6
2.303987327183787655388073421891675419581e-5
1.436949158723858911369955330046598245682e-4
7.31652224872720365445074953569006458532e-4
3.090345385088357622906907405714244224832e-3
1.093654664178512912034297909450641331076e-2
3.259203756783086141835294866832071188037e-2
8.180979587223965767662029421454455748887e-2
1.720340860059913307620809979587882694632e-1
2.989785659525042493294695030059880125879e-1
4.174081020633624943515063693847256070108e-1
4.39415006317586442450338933056481752255e-1
2.880891175381399446047388043769738822116e-1
-5.615926317595231003432011010346984963227e-3
-2.603437516402364671307536907623879542774e-1
-2.659274360719511121977488841955701890472e-1
-1.448160840533036711799793118254478767898e-2
2.255110395333657976160174199650626692619e-1
1.774943925287564817366293608492603666891e-1
-8.768856850546227240406287923572521576435e-2
-2.095997219779714962857543736487582376047e-1
-2.648300186711136257862285888934890178625e-2
1.769432678996564031857457170017004231154e-1
9.193879468814923590197169296862549560131e-2
-1.282886118009175833840323563609825354782e-1
-1.193852580424183776115456457991783954124e-1
8.547192661414258319913723179065091561598e-2
1.24202993393112557499379651258749191223e-1
-5.454309535713965106392897763480434903346e-2
-1.175044190507949015443246805464567184901e-1
3.489220783377031985867940408394692674426e-2
1.056940151469840837470929356240441612644e-1
-2.388739512397675508195666261438246739389e-2
-9.200353097053486983266939443604628127987e-2
1.873167709781835857019221941693528297495e-2
7.792271422332473857166546358316698999739e-2
-1.705168893456341972685300902488835866322e-2
-6.413658590142101026197191000442089647922e-2
1.701891503848808563832757443096244722961e-2
5.104156225236617398689777902752313595133e-2
-1.733723721945958265942335172603145704709e-2
-3.897594227066147166016866514456579167092e-2
1.720189076370528945783131007484931706115e-2
2.827491655707860136509140498782570644614e-2
-1.624322376939074779028570373029496239211e-2
-1.923242438765691519972394855184112157585e-2
1.444525149561945913016086984170832325825e-2
1.203297419688468977519688252890210711757e-2
-1.203603712065154416404128751635218711686e-2
-6.699303998614881075203453668912571003972e-3
9.362564984955228200996227287112241564778e-3
3.081525966547108264734428886926884631643e-3
-6.773712857315733579098768452024490270167e-3
-8.91414363923057743765077765484523487179e-4
4.534945501668946437364896609049134594553e-3
-2.327371668546551118220804183441473515382e-4
-2.788082874131702864384395122495220542434e-3
6.543251644456781661167048822601697168541e-4
1.554641891049445991583886220171101713312e-3
-6.815526916731492624361891920571922607077e-4
-7.689149358864740277243852669186872921815e-4
5.376137611405226098518791125434012322342e-4
3.218781012027944391589468911183079567237e-4
-3.582742396711507841077685172012377747657e-4
-9.971572919002512880047427437902047674193e-5
2.084983824596186524034178472014802072821e-4
8.14289349294421193896659261723177199217e-6
-1.067620705880137536216508778762492700271e-4
1.845873596558082976260476343596140167522e-5
4.768232515831833867599738807768988902557e-5
-1.892389109221758119433905587049930208003e-5
-1.801263485703018280049671884665921458305e-5
1.247594848068372600528972986142511614258e-5
5.270822311085985494015282945798126372123e-6
-6.56469071439224434678327911070119095027e-6
-7.91413650856836635352103297169401408554e-7
2.896852754031797428343352932487917753131e-6
-3.221636518640379788973977082193409051045e-7
-1.075349661492314021404345310023378109302e-6
3.650853975456504433819617955032562442183e-7
3.243252542008316737679211438824282255696e-7
-2.076428990577881443231603205411818838223e-7
-6.988439286063644153636775345914295896372e-8
8.874374292509045796609571052295729369001e-8
3.812780907238701762164157981191215309324e-9
-3.051108103307626538091431606190278699965e-8
5.707487567900876971637928304753765576591e-9
8.377775436878201309320906768724649115864e-9
-3.678132318458282199043472803725594279955e-9
-1.678895905185615613182639838805971043012e-9
1.461665948593717140810737161049226148519e-9
1.429730819291635869049190574797164917421e-10
-4.376801195749233254397830024443852882952e-10
6.207574017191457185313292590872127462435e-11
1.001891284816506560363164013772117353621e-10
-3.881022880011053159179307702503340177962e-11
-1.575590676622309864737614866630058840623e-11
1.290224961060280351129191991046402136454e-11
6.790637878227006219053017209034862252598e-13
-3.051531251506937560897262853549891266251e-12
5.551532564204510825571277661577980663649e-13
5.133959730593562565062052369880275193501e-13
-2.3093936804998999879302102469447752977e-13
-4.757679198094965807571839824740348706747e-14
5.466817130104391630419045611179122153897e-14
-3.884318682660709818082091099596085182821e-15
-8.720847470989188139013747692709688830001e-15
2.66014832665902886773909576781863226693e-15
8.081030378002138479598836517756350564924e-16
-6.008022132685012053614750185622922016655e-16
1.663436123075936279621883201642707548261e-17
8.23675850004002526028046780503425972176e-17
-2.112102277118630697389283782522340132963e-17
-5.960652757795366190197616140525164693307e-18
3.996883745039070186504531860965998078918e-18
-2.034726515963448848449585784119040292607e-19
-4.042801774018785206771466793015431888019e-19
1.136893824300851076266295961554410909494e-19
1.49722678744878590468811392512995202751e-20
-1.420904281980022002353633522089345399724e-20
1.881752234117453160128458711681180095335e-21
7.627962294857608361307383798695266222239e-22
-3.191466250711063090332496762165334616887e-22
1.675209156197241447576063587639060983799e-23
1.758070042059765091763378922701339000161e-23
-4.983772830067730945688270555296529628193e-24
1.340566042615194962395232841336701412081e-25
2.225392260759620611643688840236753064175e-25
-5.589988546669550580137090116085742059025e-26
3.560228341734312378639739423329949518203e-27
1.159092456260104653007997979259948514755e-27
-3.64256389535313844022426666970043525804e-28
5.234186987582447310122355680972724899639e-29
-4.451048819563236672047276776992836350403e-30
2.176433998042319518794321762350130490582e-31
-4.778197974081225721802068773419878041454e-33
