# db71 scaling coefficients
1.437417279948138173019902537166762343897e-11
6.639156163855682406844842627787232730494e-10
1.48194148873947034596563927814958254242e-8
2.127194242050696244589793881002765920108e-7
2.203940458884754891378045235051929831396e-6
1.753432382560987853691105354935462757142e-5
1.11239361586831834882347339770978224046e-4
5.76692972896191936368122625293957614289e-4
2.482956908625556932726897239140074266581e-3
8.969759322517858283185706284944665982745e-3
2.733602149753639260067151158155925426622e-2
7.033864119368873143559820469091125388493e-2
1.521355738139367422684505473387782548622e-1
2.733448712298669762868969947012758321978e-1
3.980395614495259613719850089627160172185e-1
4.453803818744020809095683645058695425828e-1
3.306123728491646674198703895569099058479e-1
5.672925318861679676931843978656821435343e-2
-2.230974861562248228490883668643701761115e-1
-2.89371229250600110016391541081758591739e-1
-7.767981276521428305309213690713102390684e-2
1.925106707541485614703273317486281407856e-1
2.150619426050062055836845598711811736269e-1
-2.869328828343540731770759350285874502328e-2
-2.105576395934844705146964697167346084252e-1
-8.45868308103802030412291959574204682929e-2
1.507233439947228521741560093665656190906e-1
1.371513945090728232321177185953599664682e-1
-8.739108801586378227084478453575868175141e-2
-1.499432979735778550577102662930960259253e-1
3.915013734808052595215513037695215281668e-2
1.428366537957180305191442257175889252971e-1
-8.249174231388834471896702829869547822046e-3
-1.280493084118472753197890842469222987447e-1
-8.590734130108132112673019753312023505066e-3
1.116189196936897578743440827230921094915e-1
1.55091425538028964654593158450792932393e-2
-9.594305672104748726077574440658914372108e-2
-1.603254451626910678613917127331882847493e-2
8.162939561361786513574807893507787812844e-2
1.2849772128782047603951025016589257701e-2
-6.857908130485609249840892741616012746424e-2
-7.9404940356812840050996268396174107767e-3
5.654961929704885350273836186874248461723e-2
2.728534478209220949059134386992758626802e-3
-4.54055744627256173087419832488914001271e-2
1.82030084551550548203188560093313766031e-3
3.5185502428293709541705528550332211069e-2
-5.1440482158918047837219702846023336789e-3
-2.606297699034219657580489033709021202654e-2
7.03918557879626381167034882097278034538e-3
1.825678252164798797325304346773557376269e-2
-7.596534389420527603688653612988724760364e-3
-1.193472301690796788618929137767266497267e-2
7.110143148216288836503310956927466074304e-3
7.144737538441954254055485022284279324363e-3
-5.969955215337536904886351217520512492892e-3
-3.791411636077565328454387385057377795906e-3
4.560142114193813072935105848615091261468e-3
1.657784219727264773023853221323403635689e-3
-3.184682966467406464141499487135963546114e-3
-4.573219054400189467092626379601593568761e-4
2.032072388549434418517826829354751604423e-3
-1.05960550211449968624772984676597009855e-4
-1.177713941989647457276887471311691401484e-3
2.888122000290038707861423214447504054217e-4
6.119428300426383723144458157437429376646e-4
-2.822093586802648465729240843584010671649e-4
-2.775480436286569052815398276891884692855e-4
2.074496077924902349837559982151639924444e-4
1.031772457351889589145831424396598536978e-4
-1.281000715895792514593879575618993957091e-4
-2.527909816217069339821413252366597486838e-5
6.860610558277130521501889744351741521625e-5
-2.320335778726317205388329233642969635604e-6
-3.20167692294982526375312367321972410932e-5
7.961784545783466816366420493427699002641e-6
1.28192985914737359281225414313248159831e-5
-6.328672175118210366007376007708146693115e-6
-4.190914690185994463796688545738416776316e-6
3.61384626751309450699533207749171396907e-6
9.455939972238684010019984372318358316644e-7
-1.679844592529198752794456745635087772237e-6
-1.97085386213586786478135373657286998363e-9
6.531952394625231950430688367748502467684e-7
-1.45710771768155015038981820974780474912e-7
-2.094140709344973282621762071127717918294e-7
9.998403567430401563644618086859421724852e-8
5.139004385266512669703804922618029455994e-8
-4.612542911222512827081269190870329250701e-8
-6.807353643904776216159413480285946021983e-9
1.667914408792363634249224761707578159674e-8
-1.626681117339020130467484359306199090262e-9
-4.8255071015984789884466148805904422565e-9
1.597446700772331525063170500877156451424e-9
1.060304376762241950763738792312250746509e-9
-7.026211347896005703064716636901444307035e-10
-1.354919221316152717925733151571265133878e-10
2.223471232322412040056150251292194832922e-10
-1.52633277629797934041555336878273736539e-11
-5.363620636713014708893825903519029506218e-11
1.615042487529136048955778928710745613243e-11
9.274024615503892390040083419503170986831e-12
-5.929397487357855410823318677658440278044e-12
-7.468450684882999516223815894230098137209e-13
1.480167346990676006775229377941183533058e-12
-1.812695557447866084347552496469187367411e-13
-2.641368734069338789382839508560995283245e-13
9.700113517972703548750278296152142800192e-14
2.865240031969212395729407998852783214229e-14
-2.465474432628502344364818835492446463879e-14
5.214688554213860628495466565294455271451e-16
4.145736481685792386827617302803864246834e-15
-1.038617203697951168429163775066601803978e-15
-4.253232263639916598536888973535318442552e-16
2.571422258179296436694678457779475094948e-16
3.795985403258334658404017385030817152517e-18
-3.717144239166015874671014737408845356412e-17
7.986100248883367573847702173974432468693e-18
2.968041740705495039839024774000521489397e-18
-1.658581846466435795348552114374906391978e-18
3.098655803002378505240317520884507901491e-20
1.770712929157402658389626646969984007335e-19
-4.351997097631637921476904793748677711019e-20
-7.715896056930611539001743721621812009371e-21
5.826269481241908268916383045380704406335e-21
-6.405889239964984672028356502025734863491e-22
-3.351849788151411707667865062777895320847e-22
1.249360382840757939347306957296790058132e-22
-4.258616041270253011623296824846639525877e-24
-7.277475246209744367852219271423440180893e-24
1.894259333477181368331470207608745080522e-24
-2.341713122721173077197676641779707628554e-26
-8.936626446523457311406969087697176150673e-26
2.104721971507164251709517560403313287681e-26
-1.167108210978793237338548595338318477529e-27
-4.64635515544089824272599866625196101772e-28
1.37751930708926703818144553500603555429e-28
-1.930200705887631158643977023646579789879e-29
1.61160639662352813722266175325889538337e-30
-7.75922413109943607063334018584882421199e-32
1.679918738130068948891795994992740244795e-33
