# db73 scaling coefficients
7.164977792827421527119942102659510517321e-12
3.400903870289389565272271530955799469468e-10
7.808384850324140028318443729783069456561e-9
1.154071030102940414807099421477719851631e-7
1.232607366520004504135283379226192465713e-6
1.012253251872860407386295054908852796696e-5
6.638956388080181944216532116121673390621e-5
3.564588132639126114497590778071829064941e-4
1.592918003520410132167988464439893629291e-3
5.988406471577896486914603329195600485082e-3
1.90554117110847763469757457416425873183e-2
5.141910734080035651449158626481976006395e-2
1.17333610965339063096055153218247039425e-1
2.244084589418156873685834491578848368502e-1
3.530207323875271818737301816217639190938e-1
4.39386697358271732747000844994120828895e-1
3.940168397346431203293737818854971713806e-1
1.755097115911164355561285821481497402402e-1
-1.245965606841492760026106374665667940491e-1
-2.969871621504088106673906442036469119043e-1
-1.900076497245896264730506991406166923994e-1
9.363920083332827005807570052773768640164e-2
2.461531016385082441785054334690448629742e-1
9.296681021955757903421953844939421496209e-2
-1.623762346977413043314322599422139806212e-1
-1.762222150514563246528606405868889677739e-1
5.809296540099245608555735052948113036795e-2
1.850204655709219011311715912929175763633e-1
1.950845621083427403518962384891709571994e-2
-1.603685241853963729480339049335566464037e-1
-6.480942687331374434711415888166408172889e-2
1.277772852258334922964398294858826123473e-1
8.565850468323936839979940923505676824128e-2
-9.863100429655891788575036133818397119885e-2
-9.097321313567324898536976659072578446919e-2
7.631236681848390338772977249148397997415e-2
8.730675686382954586085624094060546235563e-2
-6.060990557773798527669787715935890296829e-2
-7.878145887987850801488321154485652062835e-2
5.004690325918014861984040232424961998045e-2
6.783912970117067569649206808843690277549e-2
-4.293392214037960122524575161580368910311e-2
-5.594676948628550123484020066939436527482e-2
3.77953851190457362526649885231929690828e-2
4.406512398226285031368940879381676034236e-2
-3.352346381527450925635539962113648508091e-2
-3.289754567017016604226962375572595469414e-2
2.94140861951679519864711044835403869602e-2
2.298427318122909795660509132980220717014e-2
-2.514047249234461977886258444426530339366e-2
-1.470859347675401860454394380860400904468e-2
2.068234039937742211607456257797087882291e-2
8.271176822515965882690638821545840679563e-3
-1.622356113925129944586013713102761080144e-2
-3.673832206296372047682569450776708417046e-3
1.203715008631200532603941923379242003017e-2
7.350835262685296091670104290123731208967e-4
-8.381190373664874456065438529780891709648e-3
8.59801615228487541331485777406799207089e-4
5.426490436758907038503351616297265998712e-3
-1.48746462095760156701029960764679045512e-3
-3.226507151406848636208892376752677843267e-3
1.514380048122511755758597878483237655969e-3
1.726741005424228389177931066611351685933e-3
-1.242650405271668063035160009852678837278e-3
-8.001245045184699176668234626055586666275e-4
8.835062705764520080250975984453673037091e-4
2.907359648054625817793067495304622894148e-4
-5.577518081209651316963673467435642367859e-4
-5.085827856423322470218211083165110812193e-5
3.146036035524848203317379200226346042157e-4
-3.667675603277899380693272881786306261185e-5
-1.576826867776975177878709844621359627416e-4
5.153151206577581417832932253748537167387e-5
6.885455501287473317685709159404595797928e-5
-3.99964870291086815421239496836632477719e-5
-2.491871108116046875897477971786151322645e-5
2.433082091182466911459048253800305383618e-5
6.374788216086656436161795326725528742709e-6
-1.247482194994155851741516893123882084533e-5
-1.351012996744057514663024104134093874181e-7
5.484172217399943696544288786150960142267e-6
-1.146475237911051071183754519342479125017e-6
-2.044055350250650703784211464995822094443e-6
9.225886733914221605238619133126451193133e-7
6.141242645436451340448367208075512141835e-7
-4.986789816860566872915151623458167454232e-7
-1.23659076578163389056266583857746979897e-7
2.145492734121868318503927467897833884181e-7
-3.076116266109239990976424478095973125763e-9
-7.600626912697245205651576142596023608893e-8
1.828235196041872999909226115672502754733e-8
2.175788547541029126626618755721212481339e-8
-1.102878418649982494578658041228939119909e-8
-4.54962878958863569581535947534846741714e-9
4.529326356893643870671580965414268115778e-9
3.692608426143067555559123915145735552269e-10
-1.447014339650383071893237834149710268873e-9
2.23258232913546161619087213578373770558e-10
3.618336385478629882406418466284646629908e-10
-1.450886127343631403329490311061918163773e-10
-6.450966410245420111283810468330335371478e-11
5.298602401428283918039754707365188478419e-11
4.30835113373030553738114838484763406328e-12
-1.415573075362624032075425254436551487469e-11
2.21834000990925288332053839453969445662e-12
2.804981052586203625800537837839807632963e-12
-1.149849673626734424029561420159540073342e-12
-3.532411789124461655952849616301553955086e-13
3.267766883343043739784139302636377314936e-13
-2.201095929412132031538309715473747402851e-15
-6.485025554786271249926821758109827496952e-14
1.534415086258192465529223587952431622046e-14
8.587550875900396764381859422580069424518e-15
-4.741117767884697854510927799976768909506e-15
-4.045656345872156509647930810686866976544e-16
8.874663969218883914131064556912464547545e-16
-1.383444784400678375145131229533695922458e-16
-1.059376382368237899322306700948273560419e-16
4.487627186901010402294159356331593328829e-17
4.865634252641728122898900223812779785805e-18
-7.254831469229930695020811696821845986812e-18
1.020407148996764969771180515514997946955e-18
6.741482603970817919670815194955689815475e-19
-2.753191539669695257673507009297480441832e-19
-1.376485761302171348189111784347179802592e-20
3.278569414214731214299703654043253017388e-20
-6.044009529526657560566993951784592399886e-21
-1.791014228464758731013269736040945397779e-21
9.554110035930748791582342290722825069934e-22
-6.322119788652792941717803900718672975018e-23
-6.214918980702949447495562629440959459597e-23
1.874594419300486860363210313639785052017e-23
8.235577599065795088867517428669786792633e-26
-1.219018110273664179219276213099223988143e-24
2.691025628028570111785525303254337702846e-25
5.024289539713433660299897499819886011755e-27
-1.418782451121675909651847878994661343335e-26
2.955216067060928901202442100640292730485e-27
-1.143780145367006475485222771882665793171e-28
-7.345903890435939867937445586533253499138e-29
1.96190735817861602338861838704493158479e-29
-2.619512689565386582385817577947244978571e-30
2.110588186039073850480772461387972845256e-31
-9.858710771553997707151957611251887731193e-33
2.077019711177023363197888614317737901325e-34
