# db74 scaling coefficients
5.058756003726958223987156389769645535876e-12
2.433484107348674208205231631395089360506e-10
5.664899903596913747271004176033592879808e-9
8.49325725863290229004681021288805275365e-8
9.206997673796888371348054857160128777312e-7
7.679060226996287873974151927794298567062e-6
5.118705340157614108465908018416693094849e-5
2.795634115027364829258124049560279887505e-4
1.272080131531360374368806828543365927925e-3
4.875473378335552387973883496524467265836e-3
1.584076575455785779063225586369061196776e-2
4.373197665873756370330186875768850460455e-2
1.023731609546904994000170752148850215537e-1
2.016455457173153334363210155477027445503e-1
3.287280501203954251969244720845291940901e-1
4.289244618923318520967759371532395503433e-1
4.147904503894919445893607532871664964584e-1
2.289510466971560841030810040386243047848e-1
-6.750212491381789964968749522562251510611e-2
-2.818102569198322752425050834529597337297e-1
-2.338048736461267735869178820534300025477e-1
3.403441251763629099497276130465893480774e-2
2.383322142665241748855707687494650662519e-1
1.468564216473719636430134845026839307705e-1
-1.17554432699508151002853261749429322278e-1
-2.021336261694618392978105911422956823884e-1
4.580483584459831172143034525616908684401e-4
1.831396773470593980559055392503560645442e-1
7.426370040985011376376859012156713126364e-2
-1.390585111161209565766940096378492926521e-1
-1.103237650847669706771191174083953966296e-1
9.564599279348127631669479382303491151879e-2
1.212089358715220130046648161800197153314e-1
-6.204396870041552464501801603977147077458e-2
-1.182906944230534627823953665229516145495e-1
3.935547519177929980979490570810119217478e-2
1.087398544736445043739724926954601666647e-1
-2.572741952961642271833076148246096210639e-2
-9.644214227176791364173319108605716741312e-2
1.865334904035183802931575188258490433623e-2
8.328854310615541855617509317314760248601e-2
-1.582184379637998173991079805980311318075e-2
-7.014257959596096714258499365298763260945e-2
1.535345721361966660046252852652092765218e-2
5.743127886668775538338323290720075805076e-2
-1.583020411134898944931609971075233859112e-2
-4.545337232731569351079732152099613571004e-2
1.627297856311552425168207974405933123843e-2
3.450033968898167785337584357525077334681e-2
-1.61067732048011813300442695504722365927e-2
-2.486415886902487492062485491723474759995e-2
1.511099421115764969575446898676174752709e-2
1.678888266202467375713203272134546292731e-2
-1.334610310551257822783700001008559574267e-2
-1.041104952081328384390186405804869303125e-2
1.105747954863377931016612399652933524699e-2
5.72103215103514994615874439651487249116e-3
-8.569747471642850240607227780066496780694e-3
-2.56146986750613498878818149061707813669e-3
6.19169468137853074290731080148475749072e-3
6.620944889330077010253880464763793309427e-4
-4.150030534409439561752179712047760940357e-3
3.028960872453277178905947840775140247247e-4
2.561021408509332022989973970589811913941e-3
-6.544434904830100156611836454130944798274e-4
-1.437222260209629066915837816952705196918e-3
6.62216685507846514246972962422851892038e-4
7.173240235897406250773670864703189751806e-4
-5.210816858041523802227289717614262747458e-4
-3.037704425329954702305169066743817454662e-4
3.500599021520856720493214431371854771519e-4
9.531430616466970331600378691254409673685e-5
-2.067642255933328682544007850447672893235e-4
-7.631985321948551104592401803251958072539e-6
1.080967584175107711060720542050110374576e-4
-1.871462447095003589803564910161742208056e-5
-4.961019682067677406031339114329458601802e-5
1.960519882507817787821984823981849980646e-5
1.94289419439566137829900386224672585475e-5
-1.331795505960143750704418586755761457923e-5
-6.000776840635636468174706547530602048264e-6
7.26540290811107456525989800413516088159e-6
1.04369486670953078577045996297524478247e-6
-3.347523120332659500493054044100627913931e-6
2.994731913389692009880670515707023575634e-7
1.310227897260290070723589961653581456726e-6
-4.116831664561422712244379461058353963447e-7
-4.2386133213458791332117204307545247519e-7
2.533220155534742283589517572891201738422e-7
1.026519263461605081741377083623299173467e-7
-1.163002298582692254424046557598374354381e-7
-1.065065609694210815371238342843041702455e-8
4.325488271170806024501053006300948411615e-8
-6.15595995993035273098296763046408413583e-9
-1.308724056853530628852135266740992446732e-8
4.991754034616027745452748614081624809883e-9
3.035975623813210833941816529954149218503e-9
-2.246443923185059824027195407588875909529e-9
-4.072639212748819343815374048437719221391e-10
7.575501523313861024138890977800853594315e-10
-5.630735083972755885449816358292296689635e-11
-1.996753532193028359556424889838257651714e-10
6.123609926459271826279639366142341987383e-11
3.902051209838278802095213952619349177218e-11
-2.480982711545613632098233790428184379265e-11
-4.105568958029431870953737321085841343463e-12
7.007715029099027913026346217083304197743e-12
-6.384299915182249178327465759362207079319e-13
-1.467787299214816765805840547226818536654e-12
4.806367993236581662390177601709715403554e-13
2.075302771130043985930040488339886993901e-13
-1.487312149991924508423067974274065963858e-13
-7.986091468000371110115819072187011612664e-15
3.111387303995660517131608658834271204824e-14
-5.635854367928300251157158149803416380295e-15
-4.426383384259849746566025632898269036657e-15
2.017686136626797908410949155427778196189e-15
2.946252254816899275013186169614832707862e-16
-4.005589523227146132656232476096767844676e-16
4.506774303563316377728132047296170310559e-17
5.085384075115032232193241787668744431467e-17
-1.825670752976455879491351086589152990842e-17
-2.97946440642931279707013187187018504679e-18
3.142289725528130046528603457025790780566e-18
-3.333670485257946841264939656695006344603e-19
-3.109626989776647435574642676163791866909e-19
1.100130816124088996680119680027086281273e-19
9.706679586940807152518643102318123439815e-21
-1.388287614756170298413174134184401832834e-20
2.176782906814080333981687076362667774864e-21
8.259287704934084010589366613840775987098e-22
-3.821624872647351073260089698426980884572e-22
1.691511975670771730856122468099768565323e-23
2.631586641460037984238126796860151230661e-23
-7.18221153123286608438386225970813714221e-24
-1.797903698519664055358290803850381044936e-25
4.939100535725767258969303524410058338554e-25
-1.005362509680348297739932838672254024074e-25
-3.577924570719107214157571571167523116865e-27
5.613543853022365306677093073853276505342e-27
-1.101994193863927731995103680086491311087e-27
3.31536450959195319762047264926149728871e-29
2.90058360866524591249979693071886967572e-29
-7.389631109169433712008853801151937767929e-30
9.640613670456853899723420949283951454445e-31
-7.634137076847730506678335444220413794648e-32
3.513594758106896586848286186730033516087e-33
-7.304103003410361002295787175236166934775e-35
