# db75 scaling coefficients
3.571748870766526731649137027584190677878e-12
1.740981451824132333333401642173960233608e-10
4.108401360891680735107124455862780092883e-9
6.247090392742633747773381982448785962736e-8
6.871921050459104755453016888787098531046e-7
5.819561852665886198579416634374377951924e-6
3.94157297649099113884988221830761901815e-5
2.189135968288289395338742428342196363908e-4
1.013938642920310623428369846369778916148e-3
3.960313232740275948275443442880614696631e-3
1.31322497127533914192400142710371860473e-2
3.707043335563234332634133679503288771057e-2
8.895594330244504061978389623893596815516e-2
1.802599940200169908253244267836582234778e-1
3.040198057852906848170454277155977324591e-1
4.145245079820566313472693555818314201366e-1
4.285774053532897808166517766649075229382e-1
2.769284053245854393795644074649908412671e-1
-7.952710988390441870889427711047552475468e-3
-2.55284177361671923279944159336830979296e-1
-2.667856493823903505016349789965048805363e-1
-2.782622053682298571294754347402972170425e-2
2.157540544046651131573231729239188859604e-1
1.91133597512558069149186550604548145157e-1
-6.344147532738444469958708611193720614813e-2
-2.117653611830280271850489234296299114544e-1
-5.793277362668796022921521454896854636411e-2
1.639006960343917030384714722168441450235e-1
1.224105725742880498255228005074194502922e-1
-1.025311562716032472187118023381019666428e-1
-1.443633539435179103335267810246953431735e-1
5.148168736368542525825046496783955405473e-2
1.427159456756634256296494417710494103755e-1
-1.638772274424456093833557039244566558595e-2
-1.3065975029166175513750835487092419969e-1
-4.449142558720937630101014298107195840357e-3
1.154045730397862703914827584953049758296e-1
1.461071846887753240565140260860151079388e-2
-1.002020426347812039685188238806170113282e-1
-1.750817612576961832409969410664785396566e-2
8.615226201702204231451838720560564196836e-2
1.586429367140478187750832520058621812147e-2
-7.337013684373484421117389646328626816027e-2
-1.173333424233676718712735996326965065257e-2
6.16421070512123126193315293463171330819e-2
6.634775904506642809725562935247155016424e-3
-5.075761006553126221370640547154293716473e-2
-1.660592319851284668221555179246065058104e-3
4.064374963916213330661929491796713338648e-2
-2.464399607483050249973413902868537779106e-3
-3.138081597690599607566733054470400809482e-2
5.347527684861748328225283809484759025069e-3
2.314913585234069339007143707474868896394e-2
-6.890635112848757326713424837802148280072e-3
-1.614650454664366270898716672058004610567e-2
7.231962952783745955732312688023713683446e-3
1.050910535448905006973854769432164322721e-2
-6.665506005678287114453596683421663445259e-3
-6.260113430595592519547017400217017060392e-3
5.549718077529755718597301034377287426959e-3
3.297370868353407797422329586514127106851e-3
-4.224251111838837206868464715975665470497e-3
-1.417353188428540920635943158706075271136e-3
2.951461256329913270285814077636984282364e-3
3.616920575230925207427889524760020067373e-4
-1.890853464062123279555534815628869541626e-3
1.318007072523930732085032804306431968728e-4
1.104057080346654853652325626592062511913e-3
-2.889091085294902594331842262425753182054e-4
-5.799675499958561941504691481171132896995e-4
2.775639555672725577535531587667722733841e-4
2.66941256276270955461516240295952557753e-4
-2.050911137131851744417700474364070055064e-4
-1.011879596303939395123327188547177454393e-4
1.284945844224601504975590340331204082346e-4
2.553911076070051959404696610414504424989e-5
-7.029028575452528658464180781226956229526e-5
2.127951333513802050799295093731270627355e-6
3.372235197377180012434935426671694858617e-5
-8.209934972649222020449426867378116371903e-6
-1.399226505874796992102658046051063264753e-5
6.781311406810015805992650288426643354715e-6
4.804351159188616598453644943752312501078e-6
-4.029000274618139081041274576751807297621e-6
-1.184109295827906016235870410045242327656e-6
1.958980378099417593281207961442636086479e-6
5.514198808527518713555541187014552580249e-8
-8.033677474928656287885610256218880178793e-7
1.572876957359169622305660932585998018745e-7
2.754044573882811840778532465666575618682e-7
-1.212602016655532067189813111149786933995e-7
-7.454359517100212834896173408216213271202e-8
6.064409454221043813542346305664155405223e-8
1.261731899186341831017376186625453770012e-8
-2.378908116713245830889524058906800672088e-8
1.149551741398711309597500685273901684699e-9
7.568783571892617124164554805876814464977e-9
-2.094487581219595946706233129431176196444e-9
-1.895026502682644201870054183970322739717e-9
1.073833252863622287475028287086183686327e-9
3.194556194384332756572076807175990307828e-10
-3.854304907202587358465663939796242177334e-10
-2.111309946874245940155248994746111654269e-12
1.068592107858730613147270065441107828029e-10
-2.398029631917286527990313711520994120311e-11
-2.243526816295396682255278529664294336867e-11
1.126071083382722418758510251226656781005e-11
2.959618549456011948625346290374205591871e-12
-3.388570719516384579622251929817645049582e-12
8.87382014176291286733990651991784088308e-14
7.479140330830049536520479720688581985036e-13
-1.916940489971022045736487856947901723619e-13
-1.15439666394999459280970166204483107152e-13
6.620165614091042710674978046497296639454e-14
7.881941227743680233545391624983934600558e-15
-1.464136216636539155120046988032429824686e-14
1.889559358437848256546672275026127122552e-15
2.216851159771209166933603139636691325638e-15
-8.395661105208122221802102739007856006671e-16
-1.810813042879318990457917079454352919938e-16
1.779798378637980470807217477911695268941e-16
-1.247600773667646849780574891304598789274e-17
-2.391821152780667433598709064088124472411e-17
7.277968987879242642012908332688545159561e-18
1.651298126025104160394371098333535536396e-18
-1.343948365033526460205543026323923862994e-18
9.698571333151296902402376315659983588238e-20
1.409805189742770244354792590780882787516e-19
-4.333894660637971950686951082457289468941e-20
-5.663840463262123621174530451433223373365e-21
5.82048333236464779397837925924656713399e-21
-7.60003770097210975892990333369151208702e-22
-3.730395995150437501328174486681663575998e-22
1.51610968938076168263896180837190550909e-22
-3.322857479606488172051339228958611571446e-24
-1.103699050674813957260934592181329962836e-23
2.730560520855048759689101704892170949428e-24
1.28525843222225091803757993235007096454e-25
-1.989085116301462409795361734304612904527e-25
3.73240986264310229488370158774974294376e-26
2.007890473988716065823005102621890573746e-27
-2.211631042214295952284669169637641656652e-27
4.095789153355791402070642398773084520966e-28
-8.692921153285715517305951061733648316216e-30
-1.140706459210545251284011158864988647476e-29
2.779941731832196165921700969391711329937e-30
-3.545828605435557934725509353937204066231e-31
2.760437591377455799478342399337246739466e-32
-1.252098692182806793681138936535820275888e-33
2.568770669673940225790026432001851307156e-35
