# db76 scaling coefficients
2.521890282385220990536173543587190944985e-12
1.245354647994398379184806157611465312675e-10
2.978565051131780448127352768955391738325e-9
4.592503885040975900550618128689453532953e-8
5.125241855608500292808355466311768554075e-7
4.406037692313232305868466561695583514531e-6
3.031406790688897764509232061838075700764e-5
1.711618906930522302421442781699958093956e-4
8.066980454742740267559331656965470940238e-4
3.209833400976621948207095245543799024608e-3
1.085799503311000653313826968242531912192e-2
3.132320212316984789077553910543756206875e-2
7.699561885529896534082575188198003678857e-2
1.603559289101905432937027901852468220168e-1
2.793727339521842134245845736720723354637e-1
3.969535674584847113705075710391787576725e-1
4.358174316619497558486331316576771292834e-1
3.186944274371317694065146794967176684892e-1
5.210329287242864250685763224088882668817e-2
-2.188871494367926697602382576159134237537e-1
-2.878223602933313970604378773791154127291e-1
-8.861524567988284369193522800850595318413e-2
1.801405089280783603680514016338936050553e-1
2.230516894713468398682814688235562539573e-1
-4.184451683515607911703938359243594996487e-3
-2.045934576901593892380749583211690404371e-1
-1.120136464651478859382483818429564821578e-1
1.292520563442719283435616754589888459244e-1
1.592191244819713534154154110344643844384e-1
-5.467378789675664729955054227132777471972e-2
-1.631482112152396694267566651449040754543e-1
3.966933972506761668606037556259361941862e-4
1.474464795176239625294164333968014253542e-1
3.260396924805741932620405185544323028377e-2
-1.262032998603232031745243217288239764394e-1
-4.917530714096993890593594417850827692582e-2
1.059788003179703743195496180430587870672e-1
5.457416195024956741369921862669466438395e-2
-8.898998764342272952318924980581402307187e-2
-5.290494610397801886645995022928259641902e-2
7.53600699734915555721875241430640243585e-2
4.704634650428272231860869511104807579801e-2
-6.439209058558423092665288543681881709857e-2
-3.897346057034004836928492696307003357231e-2
5.52168881761891953912816643571024025073e-2
3.007404470928883646584130168366608730204e-2
-4.709785265451862791636916564181179290873e-2
-2.1354415284009553806927854967113718458e-2
3.955337954610770780882882808732929464878e-2
1.353969245750107125397041317458549286981e-2
-3.237578639067641919688396305993136890345e-2
-7.106336590138421615199866712875078875362e-3
2.558577009633411948848757535515942770682e-2
2.288774019984844504298425017035984352182e-3
-1.934865046022769240425057810947295613489e-2
9.071099865983004945776595812854046182037e-4
1.387733915346643614408676517658059866265e-2
-2.666127538448300103523480188066606895242e-3
-9.346330817904090099804581449571772135887e-3
3.300744262618994095707136987782623564482e-3
5.835581819156602360212038747727851478723e-3
-3.175010551132588779957278835778044707654e-3
-3.312666190239927962716727107754711165073e-3
2.633384903823617122097441453115105380381e-3
1.649487090964642108916267920156012506366e-3
-1.950030135527508157353174665242973682056e-3
-6.605788657994070954619073972803744962016e-4
1.306139105059157987839169852030667983043e-3
1.466925782059975358828278834648456500106e-4
-7.933951816364826149114974965941320899346e-4
6.989581086407820339966575436886638617824e-5
4.34794224313351547355708764950996923723e-4
-1.25424315509331224488188361704942748324e-4
-2.117834829904780511485521891706097119046e-4
1.102016179260487261256783627612066364305e-4
8.863112350332480400078111569315052894191e-5
-7.516775491753020201901723899429742827252e-5
-2.913782877702203819471660923778115427185e-5
4.343033428967763650590481620184645309007e-5
4.97868980575397376862810279380432056368e-6
-2.179065103432554089189888030780932773978e-5
2.347614150982652615901378251584355517426e-6
9.48898941561269403649614610211787392395e-6
-3.115390442938884602109176747106638358588e-6
-3.500505167198183031726936735332289203198e-6
2.112002808276134655603881707201714327997e-6
1.01469646759473437710075094827336220448e-6
-1.098681659258063973867307321753731351117e-6
-1.67378100921920810868449827556842478209e-7
4.731647325193139962547626828276316915075e-7
-4.077729994617390895533671927748626865649e-8
-1.705899150344022562259064931667300447189e-7
5.35087921985269875057885164304748743023e-8
4.991843338767871399893675617078961928732e-8
-3.028907360007010706459691668924672945686e-8
-1.046994954834948411075015468964798500392e-8
1.265170546220190798038755561392704314138e-8
5.923175447239495950995702710305960295717e-10
-4.229065353246485453995736201960982165542e-9
7.778094649591099153992702575250268775738e-10
1.126127217407901192015122651535365100725e-9
-4.915885815734685851295549904449746468038e-10
-2.177445422402010968571468530622236056013e-10
1.905064510492381501042493283019508251129e-10
1.696851565516317581958721137160729282663e-11
-5.561785895195146394499072830702414508902e-11
8.294806193400544143299659438418564445526e-12
1.240426775430015066971147026261683326295e-11
-4.929724705606955161220871246993289497005e-12
-1.885432787338444224019784716071586087407e-12
1.600374276650849065006493273707540272658e-12
6.501902531576048148643740325641151054724e-14
-3.721371630593442460070345536819756402888e-13
7.157805633378045662117621625638271753635e-14
6.168402461215041421571059952425762091364e-14
-2.876392131778260699666084001096387483397e-14
-5.543574503316364903630353147194747144725e-15
6.763160911094743617332223257946016652137e-15
-5.317287303407232309086768401976382044406e-16
-1.083847669580869260586469629174985569828e-15
3.40449756548099079230558650688804057224e-16
1.01886546083398293820818760978728095548e-16
-7.786556231462801402365800822362243642066e-17
2.143624335562151236043850067317432246073e-18
1.105015243689440258586496632690765592202e-17
-2.833756488584401791126775550630809363875e-18
-8.615733484463084116610582957565229894733e-19
5.676690825010333196551562903404679251494e-19
-2.165894267887216269134198036787236481364e-20
-6.295756558607955383308802365879557259883e-20
1.680695818139576404011714759576378620095e-20
3.011025877643844932568796611377490889452e-21
-2.417049075309849068175727939156327816432e-21
2.543132300687809312914546237652509937176e-22
1.656328283263200976930175944429949874036e-22
-5.964475120358563871307154383928378581205e-23
-7.212944653291314733281378540504142026925e-26
4.589057189921368571223238377922229040395e-24
-1.029635598603625624007419981362427661378e-24
-7.305730255076808661173431601758973635163e-26
7.965155687730209184257215989776091024776e-26
-1.376353758736624762986570111525573344664e-26
-1.013578184582207427744907021633936199792e-27
8.678760340754912429829079259360614263963e-28
-1.517165129020157622084508944698311553565e-28
1.828639856000473614268862838245950793712e-30
4.469632496873588130981295894920242830201e-30
-1.044575268593670533889300017021581687671e-30
1.303371503899763600056836837169384275352e-31
-9.978408507705337891061092403518273958074e-33
4.4615106861710633846815290431653750526e-34
-9.034727948647149727734160701399148966307e-36
