# db78 scaling coefficients
1.25730370948858923586043878363911130489e-12
6.369385250001140000983716234286203199649e-11
1.564053447866433221140035108438934134947e-9
2.478119618066709355336642574928287657656e-8
2.844788656136576546241227520984521743966e-7
2.518477730060693344339953503456038319103e-6
1.786693181542217940096583988761992708261e-5
1.041787074323362244002463251951187922197e-4
5.079415902338844829932417406093999977086e-4
2.095234458264564340498252862925438949563e-3
7.36667220914319952655666656657034970327e-3
2.216050487989644140001975318826814323356e-2
5.704736125379801368877641408584626052014e-2
1.251663226308400826879337432081588036205e-1
2.31766664859174632186370490904747310513e-1
3.551649096088430882851879473209142866864e-1
4.329905106976826519050852216521262014392e-1
3.820002846462622851447332485167623973443e-1
1.669210386157526323227548779728355989248e-1
-1.236030684823147002445874467123952399122e-1
-2.926817900754176038481714601681725724653e-1
-1.951719142197642813853329642207590080562e-1
7.98692290685825624268832900976903680504e-2
2.436568279704480740847656169819758146193e-1
1.125865180688951399280551707408547289506e-1
-1.443491913954969527022452089558132402817e-1
-1.901084231170193865722465800018664945364e-1
2.790479201616876456822727553163058165612e-2
1.864080383977139123221474980512648153475e-1
5.462321068638475075030815154965709106726e-2
-1.487558868752735464047985985787453102536e-1
-9.918804944627071572017687417689141361649e-2
1.060112541052387949901904206140676751219e-1
1.165331020731121544386328693734044580699e-1
-7.038234639711887585059357187608564206913e-2
-1.17820999547494408670835793358920659888e-1
4.487109150503417764508865181145797019346e-2
1.108238386053234777700670631517480122218e-1
-2.857107373957692085834852180734626389175e-2
-1.000738587348172018746734945173597559555e-1
1.937338492916936500929865435687485007156e-2
8.79182778512971374656933228052137876592e-2
-1.509392144397409548203476804979081219175e-2
-7.546720299363756743521739192103563637551e-2
1.385218006612084403809896531624044424347e-2
6.323422572528255103025329805935686787394e-2
-1.415782512709873952372550557624273643906e-2
-5.150854700247168692432777619040098457602e-2
1.490802885726278276663596913315653885663e-2
4.053620724111479590678701673306022343103e-2
-1.536557389951286967413449636458621530232e-2
-3.057641805731854001618797945435261868352e-2
1.512891129991353231696328688910804218731e-2
2.188413503565737599199463597621900506365e-2
-1.40867305151161696483572031381637594949e-2
-1.465999449874944825083471881651241507439e-2
1.235114144127034628185561691770450878376e-2
9.000415288212729676683628495022866470624e-3
-1.017309810156023018924180576374200670332e-2
-4.870395745704433535003393290904358584091e-3
7.852987200660478123757296793916733612173e-3
2.108705313184224505319175676108984201414e-3
-5.663281263006737106893189027247476468425e-3
-4.622023468929348592220196082565229930467e-4
3.79722252206450372197701594794715119122e-3
-3.63460919685005452169799038454056250853e-4
-2.349419710336334131673990802862526420442e-3
6.528625757249857727108081025703236865813e-4
1.32483149147094733086635686012546558095e-3
-6.428319149058856608389015592587328899878e-4
-6.657472526907315679492676527836788826997e-4
5.039385839357188838919685638023167977027e-4
2.842144350815939943919258340059998775262e-4
-3.405683950244137251518807208428035605072e-4
-8.969125291534886282594845126489473646182e-5
2.036306047236118132028660158860273137378e-4
6.546465187914000232443211399833944882899e-6
-1.083419267532211201791885079422343308188e-4
1.906440258718646941012854860185637254158e-5
5.088542831725483195878529830736592296203e-5
-2.017895380459960133350384739725610625421e-5
-2.054429674556472373293511612356084184716e-5
1.403612163483442211835687755598194785241e-5
6.632889272575514229116927998857994199969e-6
-7.892920689380517671509954603301305000945e-6
-1.282500037639979356146849780031122759377e-6
3.772986985853751626161642774296853971646e-6
-2.698914232838456115290968012107070662522e-7
-1.544845544375736376872539104297475098384e-6
4.536487366642981521522139508516845646904e-7
5.29907159204838646267143345196757507111e-7
-2.992445342380949977116041646464341804124e-7
-1.406097901026560354486277861971503060463e-7
1.461582897767261383548605934041756084202e-7
1.99128471474777055987725958284436830787e-8
-5.812667698812287845090948318935225014325e-8
5.971747227861752664093007449200753951493e-9
1.906163912639981583049395846230522593986e-8
-6.372481055771141322875497152239291839454e-9
-4.950835465273416547167070871771932115212e-9
3.217124821009669860367939467924296944328e-9
8.534117783023175621161887799228684098077e-10
-1.201862509251655529029833074979475137953e-9
1.388153211358361889326145430409592856503e-11
3.553743017478844908263046289379144196407e-10
-8.545446673649063247929274176218230542295e-11
-8.13097325774211303998112277282537024709e-11
4.231916738265810577421969522963583121376e-11
1.222269558322962021672652988131488723084e-11
-1.393531165033013051015920879672523345602e-11
7.415114915443521269541089657154589182565e-14
3.456622255917333235219416486307648581569e-12
-8.13264853790105545321750757747634761739e-13
-6.282862483146619867480894720144639734893e-13
3.31105116894204204653617879158264634093e-13
6.378402946032185042169033495600191528628e-14
-8.632189953853470393522808249362954262759e-14
6.470826613867278065843703855157870297074e-15
1.609329410447926776767356202295753216824e-14
-4.979411441940301982999960344292766222289e-15
-1.932794359697587801370582054943571813908e-15
1.366087282492505659380498681878593142719e-15
3.223177472205406526502999167998625686477e-17
-2.438243456509463384269412061750953592681e-16
5.05717216784161383949550862519769853228e-17
2.771665333829811630074509409315545009646e-17
-1.421275509230961758645330418985335772673e-17
-8.92903991017668373304440553381347434506e-19
2.25030847683003209767765639055277427847e-18
-3.910651185379408321559697214166279483578e-19
-2.092868307430064753516160066634554915866e-19
9.749838966180564209192458396921615641861e-20
3.233340189353992389146448647641996301554e-21
-1.206995915203188661960203352117541295766e-20
2.388112459340831708830653957722734583342e-21
7.30905401919900575386480078793994711151e-22
-4.05358424118212843690179077312891823491e-22
2.24779554680249493449595303664839173276e-23
3.132599529950321026642226099188242249849e-23
-8.991047171240261001157230567941274143514e-24
-4.628816726854557277989564536533638346378e-25
7.751021459348400600788672829902452194575e-25
-1.424544856872191596091069073916283753863e-25
-1.805933078295821473443456247473196156071e-26
1.257225110095117166881803515762707888192e-26
-1.829779440115734428944073209606449851724e-27
-2.198913362029899275257354554740963315474e-28
1.321718506432017126323499929338223370344e-28
-2.059956451962873316350101206870542671981e-29
-1.552208155197108608868306909998373801374e-31
6.795598837191644689949916892940336219297e-31
-1.46995323434824059009844443180550995684e-31
1.75797862948994449335314078686057822642e-32
-1.302682714546731618187127010554599426994e-33
5.662946760348095305925666717866890697927e-35
-1.117854186700478642693211849214716654705e-36
