# db79 scaling coefficients
8.877865292640315817409211364201688426885e-13
4.554139731138487423224495882327074428317e-11
1.132841426076902268422355548022654291383e-9
1.819009355962153504431891445782613878229e-8
2.117220441086014153032041437161034598452e-7
1.901482673765147562906407015200640944342e-6
1.369335619384459983158551480545024091841e-5
8.110601950149859342483345057525508935013e-5
4.020344343083493209027953690046060408536e-4
1.687671039678159053798807708555250170352e-3
6.045835009049755824353512593294602398803e-3
1.855881945569321276640825363143198020824e-2
4.884752634768769578182471093834021650414e-2
1.098719490319333250972659830828453134921e-1
2.093726328245045567707781743567928650916e-1
3.322371132553428102633191778351167837085e-1
4.242660537343588436786339653635521905579e-1
4.033607704868590415883916233738372085502e-1
2.188849174357234887896679000426161360547e-1
-6.856278933268137338893891429992308879507e-2
-2.772182928027904611469286927848552195409e-1
-2.361678213198125340791494979037873477441e-1
2.120987418421762475345031339519816654407e-2
2.317396034166239082158838923076307759879e-1
1.621638707804326055619601062558255343785e-1
-9.628761205934106542096699911718232825195e-2
-2.080637502715196343711346022133070192489e-1
-2.970261938499786164546418037400166476719e-2
1.744982127153045367800677768728017464308e-1
1.051379399296856988193390219576940181611e-1
-1.171752083393971611944361304429702692445e-1
-1.36621416880184585470720411144345535016e-1
6.454139955617482349187401606119035082378e-2
1.411425012523801042628266369561237906726e-1
-2.578148884258282515388626415599504148717e-2
-1.324066153471067631331818873892345400134e-1
1.064015587775574123649728379984274851442e-3
1.186732502019094824026097043160411082418e-1
1.243499438632167618914132792324922388563e-2
-1.040746512957464312995560172063662856219e-1
-1.791042671258053903105387334266019810257e-2
9.027843362157717376440998553289706674997e-2
1.807745421678274956285518890972815591983e-2
-7.769511740572912206204249772922783923567e-2
-1.504411096104564185063084466058223507225e-2
6.621187529906998892890021056656766699596e-2
1.040131911362788258319452915759838620541e-2
-5.559507985221084876485451441517767947649e-2
-5.331000463733832120961279965260652067355e-3
4.568528671614325878338311687901407202594e-2
6.766892098959635328088963677991851826154e-4
-3.646376939813359871859389411233230680069e-2
3.019877597010374743558964711756872593535e-3
2.803948066651830005764028949862072076998e-2
-5.494157233113793253998361272521466316428e-3
-2.059123075734861569293347108966846615667e-2
6.725144930452140245909759943409696471732e-3
1.429432898146745564557273725881945838373e-2
-6.881822146378303356638067892207281558718e-3
-9.256483714171091365954414290845954648127e-3
6.251564408594231678349090823681605159728e-3
5.480304372588038971402436538948651192759e-3
-5.162333722195668748177507823472583923057e-3
-2.85913821200406933896714503333977422476e-3
3.914367481854267526009689711475622706112e-3
1.201917211653635416918252549700147626994e-3
-2.734249233419371804516980710278276852237e-3
-2.747290738801057927100064778106118194354e-4
1.756803731760857401555944024057030628924e-3
-1.557236085462050089456278661019447824707e-4
-1.031844878349759425461771495065952311969e-3
2.887788647257740990701945713765231477161e-4
5.468293218285139996396827115181822397907e-4
-2.724981057375684477807071202900752934285e-4
-2.546684776775640323059857387051089369675e-4
2.019039370397082711133961201682839748027e-4
9.798634286381306630258852965418663777713e-5
-1.279781276864834696397792907725239710447e-4
-2.520155200156881306226414700193534456547e-5
7.126478834205544030633594102423867311901e-5
-2.10931625907310680361154606941636957098e-6
-3.500466217494440150937885271119351696203e-5
8.442714892092883498181581845972497937452e-6
1.497211279796630167859595077347334142247e-5
-7.179462952386683428538540055175498896651e-6
-5.356673337854714940137062059208370067163e-6
4.408908318500575668048628328988587840187e-6
1.41562266556839670738940971379686080437e-6
-2.227474105628094143450765950622896498284e-6
-1.138693380591424373080547902300738366456e-7
9.559599548505093441228049387669764043788e-7
-1.652015821988209630892790652645975902739e-7
-3.467718526460496271240173073309579232006e-7
1.422871892030640898037386963484959127544e-7
1.015984197903395103874279811928650851951e-7
-7.641258044553028575335354556910776320408e-8
-2.027220749110259790185726220034775404876e-8
3.215174152777780462085708686175888439373e-8
-1.120961897547297142680996810832592622251e-10
-1.107946833856002246572863287698486536239e-8
2.553431793292109082104155807415490452743e-9
3.077570384884067372612571787715738005437e-9
-1.525178929664982483773396937730269952886e-9
-6.224067860795274430727623049739103525776e-10
6.119452350970778232871349321451811044627e-10
4.720240026649362069904909323166647786065e-11
-1.904615459261699063665913175382334411115e-10
3.013559228149890043117870676402141923608e-11
4.631265176568991059384515714396600065658e-11
-1.884514070638381479142853690758252644627e-11
-7.972946775732630400909471580968115521419e-12
6.710347633924038430984397038934372145642e-12
4.668792042228371321766224061506015913796e-13
-1.754338522249104107742292009352179830748e-12
2.92149617327456979168900143972171743553e-13
3.403156521960915384090648221784307215821e-13
-1.443036561224222074268176524191364166667e-13
-4.147149638021536994899504369077077813474e-14
4.029780786922809996228061392283103733677e-14
-6.938148581968032760632027397711528731962e-16
-7.926134244446125191296589112147084950128e-15
1.957789250812191089412294567227483991986e-15
1.043424390038853986065461310842708552153e-15
-5.96900394259454280259838916348515715512e-16
-4.701075477695816758272148215367579570045e-17
1.125943400691573182409412418548658199338e-16
-1.808965644395597189496006847389433652306e-17
-1.374646075764308386151067490265071664365e-17
5.920954903980826738050716514173278348165e-18
6.723519358727474942537185998244795127354e-19
-9.94061395751114026401581116735243582394e-19
1.355464172745321403281274800997576202588e-19
9.910828136931637782454303367773719088721e-20
-3.960843036940754578141200880672803263469e-20
-2.862882202436342417604483375077367898562e-21
5.192278764496865332196930424021898934671e-21
-8.680941218642660789674467526226666078931e-22
-3.431633330373352902155599698722211681912e-22
1.637241913177017407935489533477533254413e-22
-4.953315258000569040314677468420980998592e-24
-1.338824609848984889098374835075668307594e-23
3.441795820498184374230098477314259222807e-24
2.74340034226134101472410782022714993131e-25
-3.151844545161779777782246939154937791279e-25
5.216607553999413426859583094477579590949e-26
8.373645217334330491516193303717702704642e-27
-4.957926353958810468379076646071243254915e-27
6.585861354478712435158358541491694725519e-28
9.762339408837136253238881505674229769576e-29
-5.131387865486414606791394588004683562386e-29
7.548658194335338639924522522794201929864e-30
1.369468313873376080702912420399269954061e-31
-2.638200489489154661683900435915568517987e-31
5.505555224661963909482948614658966586066e-32
-6.450949162292822390985753124904380610563e-33
4.704782992766046693326643117662903788226e-34
-2.017259236445522035472638846221086548525e-35
3.932456362514979840847390027716121594347e-37
