# db80 scaling coefficients
6.268797315482859370103806882804155546373e-13
3.255779551281822215272683037463890536243e-11
8.202661373483836266658139258760969499726e-10
1.334563392278096577119200597911993764033e-8
1.574677135776410692598516691878356657213e-7
1.434388941549373027007009832136709491476e-6
1.048317249877160309205661046803642149374e-5
6.305831889196702854239852907014208900629e-5
3.176925794392080925629562277797603738188e-4
1.356748527860082560535038241711638492141e-3
4.950357735549299889856957992320180004635e-3
1.549968479303863000886359048992819137949e-2
4.168787239749247013263763516711184628259e-2
9.605679850912707247689332280798012010629e-2
1.88182408510475788371475147276824682459e-1
3.087006298297960573508861791802146189819e-1
4.116146608524692858428390202954598458366e-1
4.180842904631306320056933407310190629641e-1
2.657999290018745752515928487348984788501e-1
-1.115577209818964204261906628843884057926e-2
-2.510810973642718821678025496922306558832e-1
-2.667056310488057143365708733055913861958e-1
-3.890108951307732691138580002696508139294e-2
2.061334799804523848016448828417339552321e-1
2.015251183499287984106205343964060733756e-1
-4.091683464107930966332901381928777610818e-2
-2.099632637907652315959028341716030285548e-1
-8.542541860208455917447875468555804228534e-2
1.467234757831584185912200496458947266155e-1
1.462489177817534243080450635199934834118e-1
-7.320693465624105308994886433434914226601e-2
-1.600562803494388782434316350876899035841e-1
1.500790134768211573164882250016874887183e-2
1.496591572619445762404465192256433009716e-1
2.307512197912264923894576331838248395212e-2
-1.304567731870351676312742918762898589896e-1
-4.422674361433521635800082190846784786784e-2
1.104738024489562751793108425539096606768e-1
5.324269751825095720759746685844002092948e-2
-9.297906061929169669214755276822229186184e-2
-5.425354798269705590610028321798014964319e-2
7.871946843259986134377123037425619210548e-2
5.028608581112532560934678981775956498737e-2
-6.730935340435681442062858562314914066361e-2
-4.344518858233636214814126126630947017383e-2
5.798539188836335906906853370932322967724e-2
3.520300278984542608116270541541808413841e-2
-4.998624771569259180061397408388125262823e-2
-2.6624277827405148433048572407413843505e-2
4.272810205743934494498046091177158977489e-2
1.849692202320704334566546743152365799239e-2
-3.586702725574480084354462365323411302428e-2
-1.138702539612455909672082064994058462063e-2
2.929225419526468539693752104602834316175e-2
5.651464369185302244870858786175418345388e-3
-2.30744333982221191067679172270513880263e-2
-1.439916628820639623732464907735338083204e-3
1.73883332216688004094815987594370427596e-2
-1.290765955294464736001985378300432151288e-3
-1.242999970027945803939575177997810398684e-2
2.739546321352823770707652883734208747679e-3
8.347492446180837078768556273829649715426e-3
-3.204059980441145553486984601683088125098e-3
-5.199039627157492840515128825550673110421e-3
3.015074747050837098479055274350471514708e-3
2.943531898685785098066731934933146333756e-3
-2.477509707154085893431998825349829632664e-3
-1.458721214746728188544939551600955029899e-3
1.830058749633331552492237371000646549339e-3
5.757128683762932706299657553430831234196e-4
-1.228582163408051120479508572974093971883e-3
-1.163681662479366932797318433246911790345e-4
7.509187889006553452309916251311576502186e-4
-7.708845745568628514061319966857316906642e-5
-4.155679782297590762882474486166549131646e-4
1.255983144577263547987462519336236652336e-4
2.051646789283790091713252305190302237986e-4
-1.09786362810232820655832901797715840908e-4
-8.739935333146660584446060535763162944469e-5
7.56583296029304569579822281315403697503e-5
2.944341519046155569478650849505381467101e-5
-4.450344824064659095553952156077179016101e-5
-5.298056260819704260665573345798686875572e-6
2.287099101324926621503553784951435306826e-5
-2.331807106001261711724841786280906793702e-6
-1.026770503558194642697404875375879640945e-5
3.290553634335358660285270073319346131311e-6
3.940534295679669102428810217641698617816e-6
-2.321026527156800668862717817415784393108e-6
-1.210296189737277400800212451747738607102e-6
1.258233442657459551610162993594526942683e-6
2.296734900456642832888746540510606951539e-7
-5.677700401726669877288061072534764393178e-7
3.372118880371903328927213770251656387398e-8
2.164398565915414393662671423162588996072e-7
-6.144219837677461197862054527429614915396e-8
-6.812352649926624545271561535536115607102e-8
3.808889739442903512173059595034015626489e-8
1.612189062019805061810301304706053080184e-8
-1.716507105155963822753251746187075261637e-8
-1.712401129963392677346329265723882123276e-9
6.221016812116111060078878982568974953257e-9
-8.452386360550497588028898209537709617239e-10
-1.828644113933274946230612889054652029447e-9
6.854410317675153532472900165126450705495e-10
4.108823065443468622236511813586632152337e-10
-3.017144652814975003412432698557980272757e-10
-5.255730103134172943971812293515717973858e-11
9.922876666488855848456544575470383252386e-11
-7.935486589302608223367623759709628373201e-12
-2.547812783276538099318437142482047773971e-11
7.980572732383732057918910701410114703367e-12
4.829822110325445119164811627236602748984e-12
-3.144381283294389697606270926564958403244e-12
-4.758486553026761174723774048602445241264e-13
8.694989355878813796855708596705635636782e-13
-8.813823002847975042235317887380999416067e-14
-1.786740668585482255667358887520354827979e-13
6.072744330784223488806434494492439778733e-14
2.465169896194858798884663521754084048307e-14
-1.842295339926676076628597156906238910266e-14
-7.857660905061434457407664217219062499957e-16
3.823068396208461502799175890650326074257e-15
-7.284258140200904765846245578784169467694e-16
-5.424888529502763905054508555568394751326e-16
2.555830057925127277334335009576532592965e-16
3.565661835593141876786836532276905705263e-17
-5.114892623982936467951499177607226324138e-17
5.942291530029566961554733718273118260149e-18
6.651518487042823987632143660490853880682e-18
-2.421010668630540190920069586569072346286e-18
-4.133782741439113732098269919114272907583e-19
4.332970357831042518743028752798353595017e-19
-4.342840467616416490973681711600675384485e-20
-4.599274135829613848553265467565109382723e-20
1.586026427723511263981910740601241774741e-20
1.828643655779040219416607913614758054935e-21
-2.209486336557770932413633533244457460284e-21
3.052100882433683356149632929300447549079e-22
1.575230989547784396300472127360364200462e-22
-6.551264971130543161272368739757953271226e-23
2.809484257009242961464320475155540499061e-25
5.664808289580462628362025559387679697154e-24
-1.303894775609749622330613188894852804973e-24
-1.446990928689796326658538813625595199866e-25
1.273266459944442712910878088944457577999e-25
-1.88695898531556591658770927497841680129e-26
-3.773695941719248450639748697959342359329e-27
1.946019820363937701329036955932852750779e-27
-2.346474808618987991845930011947275426987e-28
-4.243342184592978249759717023542809074302e-29
1.985743029877301923140420643855899757409e-29
-2.755358178711661734509376493188102793734e-30
-8.113226507281355417200500348187496326618e-32
1.021521400218708881289284451754026281865e-31
-2.059993347926219411112706141078293455653e-32
2.36592730925528143043997350624743589211e-33
-1.698712056037899382346708726042718328136e-34
7.18524484353093120481636161745531241728e-36
-1.383473385612981390469732142177272014735e-37
