# db81 scaling coefficients
4.426567127268431570147499521254462092046e-13
2.327260079419758450510704537921297242896e-11
5.937612716750773260014140052831097852906e-10
9.786792521440756310157403220026725243657e-9
1.170398771914592110457672215220208629031e-7
1.081114835025058856004371001074525936589e-6
8.016991302313889203808912919015750027725e-6
4.896246095574077441408474004736856084743e-5
2.506488558527995898229810038207862163513e-4
1.088661686812106607903852283276792060647e-3
4.044310498158650448557219102839438935709e-3
1.291036401184297103880684889576828959717e-2
3.546429492033628802322859692275654907506e-2
8.365387603226961752681980488205302863187e-2
1.683212232714243458091300533615744187196e-1
2.850247476254806374581328050955861854898e-1
3.957452148371723629815317615713205331998e-1
4.265430227271371823236846170138098677553e-1
3.069414379024927080931585529021389108467e-1
4.681111760245816486268823575038901603884e-2
-2.15655470620955552608903802973408573155e-1
-2.858147343713512654894548235025979361075e-1
-9.739965595954479580924454486832349108584e-2
1.686427995170251465477394959563363863878e-1
2.283936603018479852433699675114225853419e-1
1.775222969004859847924753958083639271675e-2
-1.959198308776274501888176578454813787861e-1
-1.3469683784666468434785776677360720169e-1
1.057102930675956732289313563806232832463e-1
1.741544571248924211299283800299264327415e-1
-2.131800359194220040825838017406006261051e-2
-1.670517646357559070216645993989764187198e-1
-3.70846616081697756410420917327420661449e-2
1.41034828911242950794093836985610017452e-1
7.026638822034439706959328626668991271434e-2
-1.12048882799110845936889669658124937323e-1
-8.504789130011550288206496293041684002779e-2
8.705682412116575779305323420194072903711e-2
8.806852141830840559683205756051170373342e-2
-6.800204760770368432107157853371084999774e-2
-8.413852848399967036942356341584881720204e-2
5.45194416388327221393907190403942681583e-2
7.633401124034047085285289135552210226223e-2
-4.539995191702298505469115000274950632673e-2
-6.652253186172750228995401831558526991452e-2
3.928322488026573519010250372033285647207e-2
5.585135091272421501059042706126155110604e-2
-3.495594590554224660362471388174632833278e-2
-4.508351650509292254162470703941045593492e-2
3.146981942560233468278709869673087862425e-2
3.478739414073282450586881912522445514281e-2
-2.817845790182515589651409459233269907804e-2
-2.541673886352793044992600517517754022503e-2
2.4730650312951905764295313094000304865e-2
1.732212372595367579883538621669912551794e-2
-2.103159630687377248878381501906556649007e-2
-1.07306884444619731626682244371654313713e-2
1.71782446819348025081287524005991692787e-2
5.724090307864017887993558399023991531745e-3
-1.337852774635309811884795263920481167738e-2
-2.234502517987020322167859161658953979394e-3
9.869094347038356676544070222289954546889e-3
6.645581328103041407659479350616629307844e-5
-6.847311362897776118009611911837417131983e-3
1.059226254524635692120690323632305313691e-3
4.429294721333876655777143492901534440814e-3
-1.451142354141451495876905613002833697974e-3
-2.637951867784958490318875475095288952779e-3
1.396880507212213256659200162359660475548e-3
1.416615032675690160855257673640390675643e-3
-1.127666423583173501971691511682590883642e-3
-6.579898660304170386404367092571329852449e-4
8.030115028713239460248766938157196443159e-4
2.36566534905304467257232332131330627093e-4
-5.136186768969056721438075618892804111768e-4
-3.50714351976910374221663094609920495477e-5
2.962868438470993005073664640640800464742e-4
-3.980729852045608435094739222328116854472e-5
-1.532420077432240755743029750432648309338e-4
5.251709419032401195015630805194209343493e-5
6.975426471752063216728018250744701576044e-5
-4.157141079086616446832178693710531518414e-5
-2.670295933589302416719654856797172142077e-5
2.632425607346133963328669490488093114411e-5
7.490188214336916776128863744018738009875e-6
-1.423859689918989744538044777937705563751e-5
-4.802269501699815333431923655971998097883e-7
6.692143196223659431383175129430715822524e-6
-1.231499111971683781628614319101189168632e-6
-2.713452601482493035272324049138690903852e-6
1.131578841855639034748030472807382849664e-6
9.146223118132615238222031011045192075724e-7
-6.773324637875639854132262994908045166908e-7
-2.270162395218478854023983364320665858358e-7
3.240543948489200411574329258538530234483e-7
1.766280280699608491690303113335321034936e-8
-1.296638866744873471326436521791337049856e-7
2.235659610099499885858308676794075077618e-8
4.324008735056780531526871526116094439462e-8
-1.789328806529831680926445996090751962001e-8
-1.138855157444873953772957274983886837262e-8
8.827527379384843595371557205122804463959e-9
1.890199424496666581288988190288294026429e-9
-3.381017080689797686925156199873975140359e-9
1.514000444458234591662650766082820210412e-10
1.046542740159101305015174653719494573122e-9
-2.86209595095284646886987620355174712164e-10
-2.542289735755759456688832319058000793372e-10
1.435709588017277652807042574787891881109e-10
4.119891434821524813229725581930072717686e-11
-5.029134025286944434207020767003815536694e-11
9.925169883385237152898355882778070441004e-14
1.360134322622910603318906065741597552973e-11
-3.150947481398732146476571382525793623921e-12
-2.779201578494779921642943590313153776392e-12
1.43001332033942368925061030057024269203e-12
3.506594880515937264066350545103645460585e-13
-4.211576118887724898952287040346047594567e-13
1.56514861975634706790539836452399340509e-14
9.133994047842060767109648367685725106754e-14
-2.44498491242389745891403578127654897894e-14
-1.383079791647091868732305544819629319454e-14
8.240694245603412162591065371308268308396e-15
8.823113860268138080539174274427929677915e-16
-1.808577410012253737986692719079096270472e-15
2.490723575813152597008694867882623469929e-16
2.737945340116334059579959751387738678515e-16
-1.070232192355211861735716367152365955099e-16
-2.237215670115440002273584344055850996557e-17
2.287033980843380752855587315014231819276e-17
-1.662594322559247633989194954869707086762e-18
-3.152028474331479923511146221219990549623e-18
9.693380718618589439439982273922509698016e-19
2.303370237361721042457281709273008982075e-19
-1.864214588102745636877628490421967995823e-19
1.203832324521727055713226538890168118266e-20
2.097732853965655532196093769586587696416e-20
-6.251193754588272810656972643547200271121e-21
-1.024836473831717321738273870619633229389e-21
9.304577103565827079511758963130522838669e-22
-1.024656816915049294439452623615722428413e-22
-7.0987743504807935089190451618570017203e-23
2.596316090285290406325401678723878590011e-23
5.952310344333958330266032593327196632817e-25
-2.374969398694935684621095308368987099539e-24
4.883392269048771787868513367881403254009e-25
7.146142612244249733567804742578953380038e-26
-5.11148515119964115414131720758033772018e-26
6.728260297793817374312908615624360121875e-27
1.664318380705441842435417079368229590281e-27
-7.603544314397951971310335670392800035234e-28
8.262322516036799924260496638716771326479e-29
1.814064248408146410358704493014693926904e-29
-7.660535439347108400654185816169594301109e-30
1.001575643904505144860560754439605121257e-30
4.165612318014504670518750732103015480066e-32
-3.945721966651792178100448973143927258011e-32
7.700408003136503202021332937676048641672e-33
-8.672686893513666383231366163506643512434e-34
6.131719752034515474355032112849591995208e-35
-2.559074907353385749404581883005407292966e-36
4.867490729240852525958341184187313126363e-38
