# db83 scaling coefficients
2.207259968919417489925412063164434998901e-13
1.188650864828425486925822764338189165473e-11
3.10851434189659959349180374158907823593e-10
5.255978769829549277766184275271774126648e-9
6.45353778799039621623617156585029532076e-8
6.126477919315190646894559497656068902505e-7
4.67418120691731985230008280855114346498e-6
2.940774133652400321118017866704049015391e-5
1.553120250484951366824109463417360758334e-4
6.971444715167371694807349279107364631864e-4
2.682033917048103229542576715536138455172e-3
8.889002721675628864324678636556642063656e-3
2.54330638001503518025430330091310043044e-2
6.275160078638561661878558359472673953352e-2
1.32848369810842321110894321360573001284e-1
2.387684736913594975196527474648445437723e-1
3.570389659045865500993324634968876596609e-1
4.267163108839418430928983771364411104398e-1
3.702790751054996241976025683217360753029e-1
1.58069177951672615295802210479461839303e-1
-1.235628673674412382764292979775638146978e-1
-2.886951379238804935318482012845125246616e-1
-1.988070912909122329462735383782298139865e-1
6.789340217252552964893815455586086700699e-2
2.400749668262956541194427216447654300886e-1
1.290045198905359994918444671561079438493e-1
-1.262630119449944392863281016585759380659e-1
-1.993679798759620574863595117895465280307e-1
-5.583119399310262459217925153677153563036e-4
1.8202438506958267083008585409433977814e-1
8.554910259972227958075176690946812292689e-2
-1.308322136555965086473360715112262963566e-1
-1.266622599205178297436597292284639259979e-1
7.798139144824118642992926626433356935907e-2
1.379751159900502662229231994335656252427e-1
-3.622375218377960457435416605775936667307e-2
-1.331721266477973100279481593550491276748e-1
7.842975746589648897522745047686196523143e-3
1.213745458738813955159685933309296188266e-1
9.017882599567898123975701967832230242135e-3
-1.075819763248376146590599519117313499053e-1
-1.721799255436045890177123458007186868077e-2
9.408251097835621868710374927472066355414e-2
1.941173818248609462321721527712387779317e-2
-8.165185020530614758638806566280884830916e-2
-1.773950359353589515488118227657496786063e-2
7.03444873702030368094379974618928892055e-2
1.384813033682970841963198847017275924289e-2
-5.995827169486549573744089039991485640762e-2
-8.986227680765792157551387914175393201025e-3
5.028305372203718499423818232609054785959e-2
4.082683010570565409149000526342570837527e-3
-4.121319389132234997264193248779151630722e-2
2.089549200978835925107650005517268983572e-4
3.277345221364053483675435204290194969746e-2
-3.488201230438943298684300651072395292348e-3
-2.509061080936267144418827539682415031358e-2
5.588258701292313075365688496885700584073e-3
1.83361947187612906196669500590746220029e-2
-6.544408489851229922625168839511078762736e-3
-1.266277936977932629543528938310724775096e-2
6.544334784712958526022464916425684443672e-3
8.15273709797950320327592676998177836781e-3
-5.864528527877232718655968592582790575286e-3
-4.79173076502621268857850692302834262574e-3
4.803923022054197890710456054564778075228e-3
2.470451212737626021203124700972234390927e-3
-3.627817456998807593975537918873552061874e-3
-1.009467615932107116257507726138233350981e-3
2.531927391713841362808175383044009986617e-3
1.963158954798913520823302800917600131222e-4
-1.629999629220237699680026723411316279589e-3
1.773845717949775816379666306370115901669e-4
9.617303704958073759687539963108591627976e-4
-2.882226146952885464484595100415622467947e-4
-5.132398343925349501087182164412065269892e-4
2.670480358023269589912983622632569484589e-4
2.412355028555438169797880955451842000684e-4
-1.980416419554204268823469234083637476646e-4
-9.383181417202209684440731734768080062402e-5
1.266983911042222072009539957293467877614e-4
2.435427869825354101174623682290505788114e-5
-7.161612554914463124516349452900920373552e-5
2.256102230034219810162447866506581532468e-6
3.589227258914482616867757458171140130115e-5
-8.670691975855425408918699347084522286413e-6
-1.575585829947611564117254560286695504428e-5
7.528492066036294613815410083155493567255e-6
5.836511982181911290567358617212683025125e-6
-4.751523608011436222781201139600592076791e-6
-1.631632775739136645935534175967852205046e-6
2.480499114100709909210815504517069092138e-6
1.745054579963469963500034141697497748027e-7
-1.106990417407688818047699027917562054728e-6
1.70070391530964330862403238016888558102e-7
4.214046429218905590827628111331948016212e-7
-1.626597071396022485204234535649620473438e-7
-1.318320368821558104271831975914490313011e-7
9.302730929913843425864248612520409566383e-8
2.96859285508264306069744468827746220726e-8
-4.160038547692449100849155062613517920753e-8
-1.558608173988698896301051266933875850712e-9
1.534578203787449831650309331088472468344e-8
-2.919668141704180650536396091007086605167e-9
-4.642530762778864653362912826295165258193e-9
2.041640539802025154622375329544103779501e-9
1.073079085995879336582572127246719924711e-9
-9.058432033603436625358259298674742630345e-10
-1.334977956240417263160956961322504695616e-10
3.112254542475948954469500069917019048138e-10
-3.070540095760392558621199419918000944547e-11
-8.513686409660966622680614944757057450375e-11
2.838851885653512582473585221033597810473e-11
1.755232670411358254659545607684564984931e-11
-1.186177379160662032017449438981996130365e-11
-2.004596545342673057585986754364256606735e-12
3.578409220741346168639720835106265501679e-12
-3.085151707272998081874594061312742789937e-13
-8.236486759076533930778158590757309361558e-13
2.64612441840920108008954898019266115344e-13
1.346535123845135828786281400985228825182e-13
-9.215494219378943062116284112038947789158e-14
-9.097113837706737315591958367434357770337e-15
2.227002232196596869264868018645364159226e-14
-3.186888929706345380566142590840562963561e-15
-3.875509234677008069601532022007707119469e-15
1.532006977068409418337436160487750276424e-15
4.041315940937846239431775254346980212621e-16
-3.830105298474340536023266417950636414888e-16
1.379528043979633127618899873484328079276e-17
6.498231518665161991523390003342369773096e-17
-1.729386669704349219270433611422207025475e-17
-6.865676167404157584641550015065021775118e-18
4.361702413578786662225138124971813810234e-18
6.953483659852576556206037811952586671173e-20
-6.713710404600545033125021945901686532089e-19
1.435476888346351563779067942941642207018e-19
6.088054047552246422885273186666202868379e-20
-3.318530958744985143684974616038394833478e-20
-2.822827074341201812384649496286985337449e-22
4.175238014639132008938364822123688183817e-21
-9.177759992771988966864440338484638433488e-22
-2.656210627478535699045191969046557128012e-22
1.600800728281584638196175783696163113848e-22
-8.841314690303120662820258811943080670631e-24
-1.378753344786563595901809545034049659341e-23
3.954035073300656996389427219009015930127e-24
3.303571059777679565966754694696692641297e-25
-4.071223196189030709924816933291137318311e-25
6.576393281592902477566590674640135428425e-26
1.551705261848239933501946623298433366262e-26
-8.090655830164283614424979120299341800686e-27
8.088189891099672706366061053162556666727e-28
3.084840543298082281125114277358449292849e-28
-1.145501621114477695292855304411305280472e-28
9.79189454602232217057096774705853446828e-30
3.191569240573216439194872891210312773035e-30
-1.129951896238939188001647232425721929112e-30
1.305495590382896326191862952000688641555e-31
9.028565915531979304556151770594090369188e-33
-5.847599988542533758587449008592828525121e-33
1.073047863042703299010851506953213251983e-33
-1.163609329329435547402433796408981022278e-34
7.9830039014020950178627224755518586123e-36
-3.245294841947847268393949505198658731043e-37
6.026335910676443167734902689078774134398e-39
