# db85 scaling coefficients
1.100693932800777458933324356058207408272e-13
6.067996949371713473017845865907419636769e-12
1.625609256047525771486406295102683311626e-10
2.817819125226826949490338338307968631739e-9
3.549872208638939316318505153073595669638e-8
3.460846366471364692891935858279386412183e-7
2.714475434747840130666706125407062198203e-6
1.757787096358874509751712079717578942143e-5
9.56815506614280025447433901303740695281e-5
4.433634177877707278890883505552147821742e-4
1.764182291536484247526102221429270787627e-3
6.061527642289617624386690319635022341219e-3
1.803172763487461552604516825008352597376e-2
4.643051155483971922397824433144048853418e-2
1.03106146297841839816024577571545684771e-1
1.958155954672743521714059073008325232639e-1
3.130345742180405514971082564939179419705e-1
4.086427804063364905655504318425792227005e-1
4.078631559903892705181412323859844778035e-1
2.547206918304333727282918923185864384132e-1
-1.505149892404598776812748010373944257623e-2
-2.476287304587940172470090166886323609873e-1
-2.659276970588293944252265704673697027491e-1
-4.801494278062369613539306822194970088431e-2
1.969217019155606137384554476789213687493e-1
2.093003668602899567760160563911967444029e-1
-2.033322836989798592591591296768289617822e-2
-2.052789910800756142544038668533205072406e-1
-1.089392505261982726625740044106816815171e-1
1.270529342903827790011212176136706783239e-1
1.63777765695650581085223457817391545183e-1
-4.259634590515916975393443434553971086972e-2
-1.672575687338248714190441566986277607864e-1
-2.096068091175706454341123606969493883609e-2
1.463576407779108511405217454512171198472e-1
6.008902844859784581855851551751666121014e-2
-1.187143426215577266030388525908305818287e-1
-7.986494800867414412916835311400565434127e-2
9.305597481114381469815696004129007916545e-2
8.65822450753327477995229917825142811282e-2
-7.254726282505530640670530426359852626072e-2
-8.524818246263132498441443498435123180323e-2
5.752802058839869132926436927326242310321e-2
7.924297247734171064745910523757351414104e-2
-4.71458859265664413884973739237983395975e-2
-7.067695772699521926153584044352313549558e-2
4.018902254097020527452265006734290947095e-2
6.084143388732556056261809387200960263732e-2
-3.546942150237036504042856924789794692955e-2
-5.056180574869293844412352531066739059456e-2
3.198637012548296271273195808747369723913e-2
4.04222745952648134167015673212190325705e-2
-2.898993705115107280211585101815947821825e-2
-3.08821508399737253268220778447376870854e-2
2.59962457214016183447074183558634595573e-2
2.231548758977957983350569895918629787826e-2
-2.277224440929849866769779581268012892114e-2
-1.50056722835747375443773216027492021365e-2
1.929539352622750623074357249494123064147e-2
9.12299723152214310305410085636376475534e-3
-1.569329444779446317478342953611072850322e-2
-4.707188720809347648588817063117204729078e-3
1.217245015221456425733407549686807592807e-2
1.668441017135801812026003438839415859339e-3
-8.948899859506628870425215690637972492262e-3
1.892332708880674919115054740190519899414e-4
6.193473205361569333882851865602362851187e-3
-1.127354685645032412279794144213677061408e-3
-4.000326755503654698378206857740197581674e-3
1.425650549539435094968972281749691291985e-3
2.380769877409181988809208400627585200827e-3
-1.339768859581673683096777959532056077086e-3
-1.277732289990185875210930301180304058115e-3
1.072727595632356853828724432792026496604e-3
5.919229888250659059358178778671552978043e-4
-7.634575394873593524677449363281379683748e-4
-2.099045328134958350056829090672320985201e-4
4.90482191172131555610515048198178758779e-4
2.656187111838065471307420538662575003499e-5
-2.853266626701812777946097715624230685636e-4
4.169217751588961549199193665696406550732e-5
1.493668193234210933824777478200247894817e-4
-5.287555150930765191340903830051705160959e-5
-6.908633539879647345489685065426392382003e-5
4.201179001049667243848636128995412896502e-5
2.70112173389514719371233971374152818339e-5
-2.699068385822056688841288936442396643096e-5
-7.821386278302644165886145626992287229592e-6
1.490585241344353465867497291155876332824e-5
6.014348025855282909244337063134830484221e-7
-7.194026837096443418203943847760363550548e-6
1.267823028012317497318971634337938638944e-6
3.015942302997977204170344826081479846805e-6
-1.224710300846999597573372643665403869554e-6
-1.06271780969084694468165609314338235233e-6
7.631401421770811278207126657766408257029e-7
2.836919579539763524470292627531231655461e-7
-3.809298842451008337330645995745457913809e-7
-3.167100316512976563123730183045663078292e-8
1.59980314574304092388011650957941932898e-7
-2.320959272045414558265075385633824612117e-8
-5.659543274252316483764128985475832038129e-8
2.148280506087744864790025565393541705334e-8
1.618039137669353762967072813246121184542e-8
-1.146360605894192329670310628376203132185e-8
-3.180133673768119061816913131347138265762e-9
4.724399412148819462570387243546850794633e-9
1.690363731764891388749797544033691025093e-11
-1.586929655687359209920328704934639322596e-9
3.554971924193639513615592647779712992178e-10
4.285954299243625341430595835232420410555e-10
-2.094962929736099977618093991887357144667e-10
-8.390445135967311579573262707812927817869e-11
8.217891034150800084154520914275402241225e-11
5.855177373871837904212417618352796816409e-12
-2.495826163468617934097554199331789380276e-11
4.078908899146719267492175809000478989699e-12
5.911134093252635629808716730858758570933e-12
-2.450102582117920626049646699970636851462e-12
-9.832299183520776572977410355328502138588e-13
8.513899495926026483242795504779508104463e-13
4.909292379056155685566293840122243809004e-14
-2.180417389452401276064714107439100778815e-13
3.853441058877739467465143404957875531956e-14
4.142809391067477969141194267412487939067e-14
-1.818833024413838656282534035730112277588e-14
-4.876153124387772894818120766756100372041e-15
4.992584490636760862535895992247242521761e-15
-1.390911285677426013036949126247386082044e-16
-9.72550813389372544745450669155993069601e-16
2.507902278305282992509954130445369837439e-16
1.269585288309695727804134253097887978624e-16
-7.536258745057332719650665555231541718252e-17
-5.370598595307135396302915922563243487775e-18
1.427890825879212782011342690175658750879e-17
-2.375586766499029334528869595906854524598e-18
-1.771820728068521572619412802539250565804e-18
7.786789914041891046319961661554265477409e-19
9.021181932101885495759665184112170406945e-20
-1.34557138987424023637780566314329243732e-19
1.804278992698834755185413406871880912247e-20
1.416377992665113910872686232186197985857e-20
-5.593171716607234141555149257689820110471e-21
-5.045156202390739434352433258138646824586e-22
7.898717663672208797003658605056892198202e-22
-1.214840163657579683133975771656997437821e-22
-5.982950035900183405894469890736190118019e-23
2.645235699742360550783265944204795872204e-23
3.629995990519217101009846833845512840147e-26
-2.55183362790727632981190712356382071045e-24
5.747195113489991699271417201284127826625e-25
9.108703939627647304055165705791943320663e-26
-6.769212881296371813271714416165761935471e-26
8.238580355505237174888516003179159839684e-27
3.063920602940732220069306027750225556811e-27
-1.251298480947134668478715024762285744401e-27
8.656136767506705719515615976393256946929e-29
5.45192876861914005609821263510298201775e-29
-1.696161197119524032631349528576306316274e-29
1.061197351657332493764847538707227753889e-30
5.403771866867237207239465838663959748665e-31
-1.64794794186231638041740019492841475645e-31
1.666510749595499842174206645127628520032e-32
1.714226153063560052928684282075106483641e-33
-8.59689237873280525226923952794282246226e-34
1.49014503867327916279294083364300339623e-34
-1.558233478609148684620110190667295268275e-35
1.03827993242557055337138946778361378639e-36
-4.114168685559142865507015951108833702173e-38
7.462825951457964105735339169547330337138e-40
