# db86 scaling coefficients
7.772893824616499662142210002614756419102e-14
4.334731205727639122241472364033069517879e-12
1.17510237079472249467207092360664860415e-10
2.061918545350682447847295373435284116788e-9
2.630526632757834377157034071739532047155e-8
2.598223193460891821748653014436980069377e-7
2.06566894794829691602166628639715232062e-6
1.356649496319422641915534301809387793306e-5
7.494432362316440855397259568469418540927e-5
3.527026887074961945027294870218860445562e-4
1.426660806660574519618831693944890939129e-3
4.98837527997089684929369071394882360413e-3
1.512162487028732154765143113495127115479e-2
3.974629466273978061137091144564907207738e-2
9.030430982205203125936114999778555184372e-2
1.760412829219755090997574809554618502491e-1
2.903176526870370900447507219402836777138e-1
3.943923688516669172143919948822389527293e-1
4.174880106939908956215153200331945824268e-1
2.953406769815405873724146231970668133291e-1
4.099540490690628163447716499785138720492e-2
-2.132575518901690991363095077404435520077e-1
-2.835051202467412061345412039026368745876e-1
-1.043706471153783420398194927729521699801e-1
1.581268515787660781063476211145656781889e-1
2.317057799262673608835606835514747233442e-1
3.717150945226395626535504393576262167663e-2
-1.855166316171902888056545730898361542534e-1
-1.530261485395398216470331349999563087905e-1
8.148023494220775019205227052741894630849e-2
1.828548938817365520993694222623029368061e-1
1.086948470926919638647158256230512167058e-2
-1.63209255816058530656143898705118948318e-1
-7.104209529067620198755679452732116360143e-2
1.259108398326900178637016176160916707587e-1
1.020039961018400884184256010028368491212e-1
-8.865828816105439728326850216667038516109e-2
-1.129212212987467792925025790989753585021e-1
5.858849620563684026898683605481389793e-2
1.120482147906901372060623212990497006716e-1
-3.716024755871754572227105796686500168978e-2
-1.050239719168024685716568809123362635332e-1
2.340475883660903430984851737027558525732e-2
9.517424773458588486161166548756906486358e-2
-1.560241635240312461663016206443755070082e-2
-8.425788405813765426762797670375618460993e-2
1.200503463331117072808705842178926732918e-2
7.31230560653751456228651932227707273442e-2
-1.109021629529845128003866047998937410455e-2
-6.216242675856942945978860830668998425231e-2
1.162418426282056753571666030584091893362e-2
5.158947447385789595832219824765936902031e-2
-1.266291806260794596515490762721314893896e-2
-4.158281705283156814146586423352596896147e-2
1.353995146224643781452722822982133435016e-2
3.233983667767560670577933055477213766991e-2
-1.385020424118226236471088056012329059499e-2
-2.40724543705687658160160664229596734346e-2
1.342476936333025304747433900315323398666e-2
1.697231020303354353659016773294793646302e-2
-1.229058425932091878807172415024907045955e-2
-1.116848050825359559645599272416860771555e-2
1.061437245415691930089457086984022380167e-2
6.695741465876631590369689953868069292049e-3
-8.637120580090350573638316472506919118153e-3
-3.484174099599839196276456061786488152306e-3
6.610032128117862198796546006006718266319e-3
1.372404864173680808877852029470112097141e-3
-4.743435828952757590856720788274544741871e-3
-1.390631256684818812376600874733863986591e-4
3.176548021690321863416223955641264390583e-3
-4.57743558932125175199895509747161535846e-4
-1.96999217504914203707071608949106796149e-3
6.438806409639027084383950998625844478188e-4
1.117031670339863912127745868279392865131e-3
-6.036495726540476092436247266988958750849e-4
-5.656813088381780918745608240800086119246e-4
4.685494825389620152781305645873800373891e-4
2.431558997735288919415330425146718399317e-4
-3.189417562172877841231051675935754125577e-4
-7.6068808335299494804934916040916594601e-5
1.94207839430790575122885137670410297772e-4
3.09392489009235779513228589938322745435e-6
-1.061925449051567558438292603546010603806e-4
2.001359877347989451593205990367194851757e-5
5.17282425486055349117720837140391578201e-5
-2.107065448832142062131735353575828292041e-5
-2.190486200745850621921682372821054205982e-5
1.513628416352375434853216314988228349793e-5
7.562805104941652883161050981772805068635e-6
-8.919048060318054747193668751310529714756e-6
-1.681085701826718731348558616241925665585e-6
4.520644308466057068638083618840158125904e-6
-2.070711801024441248101634368595765188962e-7
-1.989227860710043066398760666944843940008e-6
5.254595871908671025887530646729562379138e-7
7.481216430422577282669395808926813993731e-7
-3.884054414597877677298409526348982966795e-7
-2.271484944963978118982170547209529966653e-7
2.097483383131402196179292730351544152905e-7
4.488308417927598464748867438362571385318e-8
-9.289884502412396658909491266955479995282e-8
3.368131105296049979333403778149606188478e-9
3.456750820336952695075519517162854244373e-8
-9.023982720093393533676061833345668141338e-9
-1.06029864230315833572084046707108004573e-8
5.626875167859825949228603759834470171559e-9
2.450203783819026850802814195356951114986e-9
-2.491145096906950921108754177192859509965e-9
-2.601637407293819215646009976483803500913e-10
8.813593994335616678609991896468962406373e-10
-1.166474150298847415065722901440772058422e-10
-2.522012097708177710313730638343174493279e-10
9.369824169152192829696482032881789575761e-11
5.496823538434638262196408067467828381022e-11
-4.033726259089960665294236182616628282883e-11
-6.68481419256888054835822595736669072124e-12
1.295565232109243504095322752948125887195e-11
-1.122009691777075651566046566460732890329e-12
-3.245416454099004458895497398522900204712e-12
1.041686737856461333935002250509634013797e-12
5.973542793144000866345530653430213985614e-13
-3.994272189349399274614746798959218796047e-13
-5.479734382662227320268786320340099366404e-14
1.082308516569936251089620229652137788641e-13
-1.210734875607513968591789461448822866949e-14
-2.182984333623739967284976313402325161124e-14
7.704234855220484887275352914531719368672e-15
2.935860888063161141233084744672141482147e-15
-2.292297765366275564057985735438588312083e-15
-7.213997567451675515784049668380276502079e-17
4.715035333864859542906567453673634718675e-16
-9.447274290032363851411958514711571137922e-17
-6.657427197774694540651409580231453105424e-17
3.245830928349371020686687088004984500143e-17
4.279780436960593766163651752959483258791e-18
-6.525892684254725363047446445889814480602e-18
7.888448155889619572556425797796844402227e-19
8.638652067091385305158041738102676709475e-19
-3.20010864367959421319273778326825567979e-19
-5.594381657642070877049840242402886259201e-20
5.900008704336933539199721161378482352182e-20
-5.69784384437889264741509044639319401573e-21
-6.612682930363403112491010814828785234585e-21
2.244702700559792817318766912949511443141e-21
3.086514682494338857071515218544733920229e-22
-3.377050649120497661124270340884142456485e-22
4.161743494140282287632130058691032686891e-23
2.745629001290970806372980650286752008815e-23
-1.058585807069584888874748779232953033271e-23
-3.351722568127677066994172755466753866815e-25
1.081140190837813877358884818189225828312e-24
-2.145740020011364445643802734263939787714e-25
-4.398507209117703153579707929816416509441e-26
2.730752855979179559644714118934633795024e-26
-2.803886355741491785697908937305461165149e-27
-1.328985824760629033853940952423891051022e-27
4.879029543624670036273709643685641364183e-28
-2.620948446455325449894486947629176540554e-29
-2.260421102213785421568701603410989957805e-29
6.48492838473402775284358439914628367494e-30
-3.306406093376741938233605597252792282162e-31
-2.198583945659925094755308495520488523068e-31
6.267752066295449962252753543067039939159e-32
-5.899651053486057208392466612018160911882e-33
-7.255446993213690426011427961016926158409e-34
3.287305353650928794014901727044498371143e-34
-5.546305365638406281289064434346251878207e-35
5.698343618143653517179472422123152418129e-36
-3.743102278718163087169788155280950131902e-37
1.464685489414334032394222419694616973237e-38
-2.626424628274726708385922705605943265719e-40
