# db88 scaling coefficients
3.876444718332264900440473508418815887366e-14
2.211283258206445485242528066111545057296e-12
6.135695494411105123321420351879227077484e-11
1.102723764454278652511535597801032469187e-9
1.44204141790840992086850318697450534605e-8
1.461239295086830698734770895404229402932e-7
1.192972807323001329076050816651862589338e-6
8.054386878108979022644904447315063220542e-6
4.579698609861946255226015598904142452881e-5
2.2215950249229252582757208178828446858e-4
9.278357812041391775065806039344421730668e-4
3.356513301920347536773515413558583430786e-3
1.055345706896813251283265863844175869878e-2
2.88628436792418794207356541639721327796e-2
6.851953425359630599245303610189439367855e-2
1.40380759234029043675603368701604452746e-1
2.4543050790462640067301343852051593401e-1
3.586421162626660376912480448542246250663e-1
4.205129303367819900516540381172531516795e-1
3.588040542803214411730771331305435312872e-1
1.490261758905692086021702874043105808808e-1
-1.243078349003310366630722039323540219171e-1
-2.850306085564393409028709520087907579604e-1
-2.012079808730261260400652701652819930031e-1
5.756464940587861716095508500056724830312e-2
2.358416279419553548573189790519295736382e-1
1.426470436794472303248905129619243792476e-1
-1.086672530952345250860422106573904020593e-1
-2.048678161103085678973996238884493362512e-1
-2.671393246696746258056280193283598578342e-2
1.733226732131105811380003790687963159752e-1
1.11772205706386337510458190495591733231e-1
-1.087611089761871163268218228781446172891e-1
-1.468785008322816648670568682466524172939e-1
4.665570377726076546095599449966477172566e-2
1.498398734253138351921269770967254995279e-1
1.743602542857744242573526984132233521276e-5
-1.370607406006551108850993827716654411347e-1
-3.00745265096916029043068627860523153817e-2
1.190434746385149312112499587146280089599e-1
4.66322144434951216951631935880916040941e-2
-1.012192180644170185610454316445510978191e-1
-5.34900223341634626501355177158285140164e-2
8.579033653696042612096162722643624499905e-2
5.384212271546644867952087314470929315827e-2
-7.321255597746821986473532477463937744924e-2
-5.004970475583839038895004069741178283324e-2
6.312974637385497206125337594994569922446e-2
4.378400158852641707178846645607220788252e-2
-5.490000315760731899201098014244046081385e-2
-3.623583746770612297954857649126801895644e-2
4.787282855951139574730586351879454865853e-2
2.828295786609105310279332583276529184791e-2
-4.152599315989336898951106311015430625764e-2
-2.059169475267515394645823644979873642783e-2
3.552201618256613953741719123853795361722e-2
1.366276817008180203152164268979633774731e-2
-2.971395665932623468992235695264148539596e-2
-7.841990420687908114826395779724822757654e-3
2.411622973192853204268718927058109376257e-2
3.317792216697807494207886741484457104177e-3
-1.885245207799113723220768447055991359403e-2
-1.233977774530256653213804591480798142995e-4
1.409306626417902991335096810629142774957e-2
-1.845791306442927243952790668917730888182e-3
-9.996261970940264836569505959788479345143e-3
2.797536074041691600619209130190588443269e-3
6.663976543812656384300489847017998758613e-3
-2.996207786670601852487019062636648135434e-3
-4.120070970542721148339354869898365763099e-3
2.714130413846555089762113973087648473881e-3
2.311418069620796532473089723160273267529e-3
-2.191004933019223400858828423569174965629e-3
-1.126735150055393602562077144254368383645e-3
1.608482699068077774999109194367049000557e-3
4.244386546248626043318860714473857489941e-4
-1.081976783718374137649928238865725117132e-3
-6.042936416471795937378354493641888150419e-5
6.670246840612860863628391002137107517034e-4
-9.092164528527451824184714763842231696745e-5
-3.745375502237984219071229385643650609064e-4
1.255871148167889342378921268252020710043e-4
1.886798798107938454212645465758091428199e-4
-1.079557881437559468414767033965394854977e-4
-8.249595152101133848446562316648435663665e-5
7.535417859488043760160063801690051277713e-5
2.871913869425735556584965957280678918668e-5
-4.554353794095380125491886573843419271812e-5
-5.420277587708687847435321984489463096031e-6
2.431050932451322224767215925313385516033e-5
-2.394342132620168989647876993955491764042e-6
-1.145957521646067738682865169627866238865e-5
3.595453280216244662265273950170711255172e-6
4.683186264412833632939112327107010940424e-6
-2.687949042816262781393438766672775455841e-6
-1.571813378180134497162848849061402972505e-6
1.555046943233213264599188000907454273936e-6
3.585509013976766838867034221202820649943e-7
-7.563442022796657114501459656655572048488e-7
1.265295980203675833146646482417816314006e-8
3.15249959289861540048567765023056781591e-7
-7.498193866396781271210557989740183487611e-8
-1.111449896686905721326359687189673019166e-7
5.458493172693608542899034005102814272166e-8
3.121418525061745607142710853621269361172e-8
-2.790619167662754068708445434471124475252e-8
-5.470503866458389299228627705664669335433e-9
1.152189771630002813914543398783682009066e-8
-6.198289439807173160985977444635337490865e-10
-3.945797166592739149544618305942058563702e-9
1.108830275390992560468117436112136379279e-9
1.092972840321407690853914700256045469455e-9
-6.185336826845454471384408778946413963176e-10
-2.167921789932141992038867350062744756769e-10
2.475753488596709545131763038533646739289e-10
1.153662952202921972120570990207152583147e-11
-7.868251103728026485340695611248556597685e-11
1.452295899052637554341070102674637137664e-11
1.982326908740609406947327564426149476385e-11
-8.720652315117907619332625161928319713199e-12
-3.579928367607325657651105713200397017741e-12
3.220959853507604175150910637284360965236e-12
2.234275785746564413622608821380451977719e-13
-8.977485440667599509995743104216049778094e-13
1.489319416906308033007319588457775668114e-13
1.9077743342319149571652188984768527494e-13
-8.030104299527405963883035763895227048863e-14
-2.707412404526640168314925027460589590686e-14
2.492433706117754721651050247642222086795e-14
4.128219813895144626805430262229254221718e-16
-5.609242064266950180835843980660784377951e-15
1.201275551089502693228190952284267735316e-15
9.008514609896627710639814503733121014677e-16
-4.525124961142941423538941405695716728779e-16
-7.494583217789916818043921780168595895654e-17
1.046375563724803144136262541398490167476e-16
-9.974757713182389875444691886748744205962e-18
-1.67838131182571944078863486409361078342e-17
5.618173323610926996415890385914803509726e-18
1.59109634731975771163369004287185504056e-18
-1.299491841876298350778120157822971963601e-18
4.151905593978005586707464364449428726782e-20
1.931423242594855915735312823535170454608e-19
-5.048065616144085977699544928170858070867e-20
-1.659816092641667473425830618391873622956e-20
1.089705746296248440949991729677616061552e-20
-2.370623665678071946699027649241023427593e-22
-1.370637820594567964980668643355258541693e-21
3.424415425684301290746779764183833133544e-22
8.777092513848949000184587792441801566784e-23
-5.975617374248534568451585112693630688876e-23
3.818033842876411372219000562941107080484e-24
5.503511429180989337511352130058643053726e-24
-1.638532041564760336650224883419481636235e-24
-1.636384441518002416596895707091039592381e-25
1.888523422147510686432473758762204518982e-25
-2.83311866367887561014807472296889321155e-26
-9.364959800118558804352236918708515169127e-27
4.35268599164367297585762343729126752429e-27
-2.838218908743594335828351121029434723406e-28
-2.411465607319888446432316191930216538541e-28
7.290748100022358752066940153534106045264e-29
-1.594501092321069943433375175850309437423e-30
-3.798641342832040924530417126567227909113e-30
9.356491197405110907425418679567605836221e-31
-2.537228515261392868357889392513014438018e-32
-3.572821101282957320926518888298595651213e-32
8.994943255648815583236243747526886313548e-33
-7.228978333716966370517377556970534871583e-34
-1.249865271782841907713322155531822936362e-34
4.78277248851825695854064106496258678515e-35
-7.665711589763748779737162233983572374735e-36
7.610509771961170795277344730941978986708e-37
-4.86144045223897388366202966429609676283e-38
1.855963373097037239679253627826177662996e-39
-3.253558488429736184290494087295592020691e-41
