# db90 scaling coefficients
1.933340186150324027088405775076429300189e-14
1.127540564187033299809764556379429032228e-12
3.200568862507999174269544299547866235309e-11
5.888342802988329451267632715409629158022e-10
7.888304753594494770691192916112930830409e-9
8.19517309548558628798997700876760517765e-8
6.865796430998117180998117300593019219909e-7
4.76167341075407444742116446320882864763e-6
2.784428470221988535281874134665924306704e-5
1.390975379441058060434975019347308292511e-4
5.991897630737821472368692161114072153101e-4
2.239933426682323514624018114275563974771e-3
7.294368066466209556823270366882133380479e-3
2.072149621605204153270632896603255329155e-2
5.128577661471017656121946643581404638723e-2
1.100980190608593567031476517958038474945e-1
2.031706421133751553409179421152849096345e-1
3.170326134377225145347824903525117991864e-1
4.055808858686546625643096113596757956033e-1
3.978557617981706204693241060232294943189e-1
2.4370099205208182693809505636670180058e-1
-1.950176127194336813556821523989012137754e-2
-2.44828273514202697976276044649086078445e-1
-2.64626603524179605169527001404821367814e-1
-5.543730704888875992369890758109902590235e-2
1.882826150516700102325702034608567177276e-1
2.149867513059862006292644137837804942051e-1
-1.746143941277636027676566343791691525969e-3
-1.985844683504017132950827917187213393371e-1
-1.286831259398450528410519235215042786374e-1
1.061506967536723113912101848962309037545e-1
1.756367572586921515274664460757298332728e-1
-1.237005624678677789767036728980822866181e-2
-1.67190648192459879933249052122824088568e-1
-5.433743608187043596887358574250037618944e-2
1.347301503054862171472822898947766138705e-1
9.213928714576731747006320866714070590464e-2
-9.808678023699798732079028359548826923474e-2
-1.083827967764357506319557715737771189117e-1
6.64893754797386131730037363026175452177e-2
1.11108790029472923778283777857138443613e-1
-4.277610549238646925277820625387729609093e-2
-1.063362201953860931014122943679179347227e-1
2.672571465628004543884175597221304392749e-2
9.786062578183172176478191234289784297144e-2
-1.696735938485136410789407145624670668558e-2
-8.781296872040061847544523948853270685039e-2
1.188880587824619263301268485672852275977e-2
7.727660536515468272026834408824508981708e-2
-9.999257849466125319826863187180173284297e-3
-6.675947647751399425695351807014548734843e-2
1.004291610227661654698027313169924613391e-2
5.650410733982220714813080570132544854258e-2
-1.101870221698762161822894190987186538633e-2
-4.666790530587288392126916935694963564725e-2
1.217409959878906515373546741133702116822e-2
3.740991911210647278968908848879883850472e-2
-1.299460293138050560287992478013995457285e-2
-2.891376055164679581994519841057416097718e-2
1.318920348677222668965212178170718728664e-2
2.137089297557598271374587222178882845163e-2
-1.26659949092389291483370294855736604942e-2
-1.494512756361849128532115957539111139365e-2
1.14937415612662842962203615620369562765e-2
9.736126963651983156402161500938817086773e-3
-9.85058013122505972619072606402286139119e-3
-5.755298211091831885858262185162557864721e-3
7.966463829449801515768986065011662131194e-3
2.921275733943463397621900787071621236768e-3
-6.069046205397680039959413394295524349657e-3
-1.075259017493841031893268263820052736302e-3
4.34230894457869736363629759201885937423e-3
1.054789399134326102686729453998102046708e-5
-2.903727047289686587666895511271933743856e-3
4.926900025528214631055314467295680001226e-4
1.800670023542173921683032094366041865616e-3
-6.364196974878960734482641096014273052636e-4
-1.022021267559018814020676701726582520346e-3
5.838019623136552100513500237451484519927e-4
5.1820770494060833365986942275008441834e-4
-4.505763745472606369319303026726695877681e-4
-2.225470938956333788584131236611548839558e-4
3.072618532064237533812024180283224690631e-4
6.859585634746432526187206974104137909842e-5
-1.883438336374349923625166745344460694619e-4
-9.351507548506754231898736381261709934374e-7
1.040788132004253389956506176341168463843e-4
-2.05790682386244214406408684221928448784e-5
-5.142837756179339922834274704160498645482e-5
2.141001527277787196603268542072723670627e-5
2.218621846761323039662369953683177415013e-5
-1.553619826085437180820849262650723180341e-5
-7.855457452175673776373847109824277530153e-6
9.319137187082772811050014331077239816859e-6
1.828417843021938034131727202285089382894e-6
-4.83469952233968055588108284805362407831e-6
1.81058390277341429670572347637439356605e-7
2.189864985892592316740730258826035581638e-6
-5.568635557384835973524947572813871729404e-7
-8.542719050090087165565041569901064576302e-7
4.305839014654271578194017755822910897835e-7
2.730014420465077072224672440920178373309e-7
-2.421367596157463901677006983512373417502e-7
-5.982936190744759417225488142128379239065e-8
1.120161965310185626804516112200361080555e-7
-9.554516714172795359223137981203264190369e-10
-4.383618101499260943187647388475623040569e-8
1.017404367886662340301485322194620813153e-8
1.432948316273826311524298223760659283045e-8
-7.004414821576789396711491302131757807862e-9
-3.650782741826906710082432471211451261278e-9
3.331489833687676076161930721151344422859e-9
5.283187378458565222185121567288106481558e-10
-1.266800730384750780381658034352030995568e-9
1.091668374698509183367107214738886284028e-10
3.943963368237084006767033559868660959279e-10
-1.251875605298790267743280418030081865004e-10
-9.679329735969219414540165764528546238513e-11
6.10609110245561762160972488631762257595e-11
1.55585524056280818394031145480343032973e-11
-2.178590087089881401267781234073871077267e-11
4.408872325078076712747967718686717066453e-13
6.129060236600798429513239720703367664044e-12
-1.528626262714541649818390880518008889407e-12
-1.326532092705259415354800476243403921368e-12
7.135543094942949974778251868602015815897e-13
1.830922764194408103956688365204445738555e-13
-2.244580954605299421985719988022174680388e-13
5.872971530160125899667782117634069065829e-15
5.338350574666592762770310814812634765539e-14
-1.367395113142903298165940544508484372682e-14
-9.256338333994837356161642319422720717298e-15
5.227651612552360631296268017024805133968e-15
8.429467994162372981720828571347875557742e-16
-1.319781632344650040019620587267830195206e-15
1.26634635460245335209158424665313938967e-16
2.405686034687935251960557893698598031101e-16
-8.04908923682925768799306960337253250008e-17
-2.805216378886407414321197005822477564684e-17
2.15900149517941482386876160317509649368e-17
1.709914430682864284242894948450196605587e-19
-3.87374791024260368253783913674267895917e-18
8.594329245869491888954066186536728835579e-19
4.507173162684203924416843645710858459576e-19
-2.42650725066821269995963926889663291946e-19
-1.519365736433537261097877976207096142942e-20
4.036668231142194404877247443950438175343e-20
-7.002095027185295198784749878728279273057e-21
-4.134892430590140907821235054463584904635e-21
1.905389785474323218105715726903008382659e-21
1.121959291162433824124876001820620411082e-22
-2.685726327137197573146008785069954461655e-22
4.744427817508877394940511182195882124975e-23
2.0889909829791963954300969060371992223e-23
-1.012926243912569675613478736118316629883e-23
3.267903683908701824611871317230975966343e-26
1.046456759575344276353369587202348606896e-24
-2.406701544468946440927852525790566116659e-25
-4.478541955534978336124563153374717302341e-26
3.190169040061530334855552332539541235275e-26
-3.365912096187679568281014525712899219943e-27
-1.840320142608325490113712001271168366517e-27
6.749445427892913206937722707300063093971e-28
-1.822226503036260439300498234248907580671e-29
-4.209829824087884003880528290264675806937e-29
1.063720862004900192820117821441502869984e-29
1.327281820690594503922095046120095826019e-31
-6.222010274946457455856524343222738266908e-31
1.325877206705943568101519602286494340554e-31
-2.078434485937198228204487766095526788715e-34
-5.686386118271456333989509590200598800006e-33
1.277496096857427021500761321219769489722e-33
-8.521867640408829937746899176780778396264e-35
-2.072608090722487513004331353337237684604e-35
6.916406539601363957926860505070350452042e-36
-1.056416189299527775923106175240494900855e-36
1.014740677487780101133702985849642120861e-37
-6.308298719885336992990380915558414582901e-39
2.351075057037518569132036201504044077391e-40
-4.031276596867797357246214080116555715499e-42
