# db91 scaling coefficients
1.365382200223473207286370662462378667506e-14
8.050184678105978550464296244448301371344e-13
2.310763535392545366682670590830184780151e-11
4.300459624092996120214812907747534453812e-10
5.829772143470925335696099475076343992136e-9
6.131138913222921518344539214917785009308e-8
5.202087211496757779534675679043438937871e-7
3.655629626904139598266982784715762860146e-6
2.167183770600534704786768030591823092604e-5
1.098281452118677611790380974196703025314e-4
4.803045514709149112703526342732287954125e-4
1.824438703044010687578168937383243975312e-3
6.043494514330066430755889637905915088309e-3
1.748656165007624993990195593136873276257e-2
4.415728743417604557609646756398648061911e-2
9.6938489857609087604969329944005133973e-2
1.835235387417148955915279771357873885728e-1
2.952649182635839696688675431032615452679e-1
3.928778446086922459681740431989090801337e-1
4.085971562562252960784485769108015897606e-1
2.838794280910755688126970574856001631094e-1
3.476839434707474022578875534520069739295e-2
-2.115671502730139900975046721109406592934e-1
-2.810002988102556249267307442972941501563e-1
-1.098093564707211227014766451302945982376e-1
1.486290937501065391181886212247520860496e-1
2.334795776251820255342366374513293732475e-1
5.42213367278747544292193540912568344406e-2
-1.741244294529554211281165537072357601378e-1
-1.674981697465190880338838756210694744061e-1
5.753748777433051955632487966792145754869e-2
1.863310123841275959697777881357750340324e-1
4.072005919253648838650553109963259966405e-2
-1.532942228343090931255047252675636785892e-1
-1.001631882460901096400362513957781415441e-1
1.045241640039444097813062062567407553981e-1
1.263906840524982819911069390857921105122e-1
-5.931475091607786741557983748316340531275e-2
-1.312364145101919135486778940273546758772e-1
2.467983974755212609786539640489678334349e-2
1.247350244092529229551079410880673585106e-1
-1.306117608399214804923428780509705619541e-3
-1.134139426430588465931936618923461203587e-1
-1.25784872316569098084675288076130167138e-2
1.008660465852958904206028114344663539701e-1
1.929169534996509524799521754207860399373e-2
-8.875308304934274305582846883412866894235e-2
-2.094891183085189171175990979827454368749e-2
7.763498081033690520984014992377781668874e-2
1.927048589544966196247009817168106904575e-2
-6.752766199733682255359823757821136771482e-2
-1.560128147935828977981114679980623021351e-2
5.824223813388285037545346409610157866097e-2
1.098135415534252319079438450767207159512e-2
-4.957554474285305417856623937367521600084e-2
-6.205556530684799954965621033941785784979e-3
4.14038022532095285078045683434293069649e-2
1.857864669562380247188903257359257006888e-3
-3.371225427695474369322682921564351521874e-2
1.673033975268677365595032698018356006586e-3
2.658225165461690242193217704088912376603e-2
-4.183750315674116751492417973120261742695e-3
-2.01525284147094806811536958974658805108e-2
5.639772688046388257539792441980725707286e-3
1.456998863135877198423937959513838416667e-2
-6.145869145436443820939318410167965625895e-3
-9.944006352667133301706450856252453241304e-3
5.903337162987499185989642100749530081165e-3
6.315143501498766609179886142310170936432e-3
-5.159994364425078044188766293125744211989e-3
-3.644060304732571291055617339236276434716e-3
4.161960815598138236633920829544382345701e-3
1.820348158168899734776344538042928671512e-3
-3.115986393488435889034177544709265437538e-3
-6.858113101950966428359438284827117338602e-4
2.167857883052140761549295962359594708131e-3
6.385974968316434625256080377150771749754e-5
-1.397787991711899843218559315546854350169e-3
2.132736559493102670188953998480067187808e-4
8.294434835121676964898410134884693560794e-4
-2.853309657670149446441553136296170315092e-4
-4.467695976981894203006201235946081928074e-4
2.551060619497376146428956703262852591486e-4
2.124777033807575968543167166437249557577e-4
-1.887667339271486810636629637439096157661e-4
-8.355540837017454380168105828430005204543e-5
1.223412927493336402521996686218768107328e-4
2.148323035595440330091068160951413793022e-5
-7.077235195971638766075320005490771359189e-5
2.97573781324335815274232111137420979803e-6
3.662180379703713475181403161030718034733e-5
-9.132278149822281341848022713214917151731e-6
-1.675678761398724253199232529145732184622e-5
8.098551953102417646652227564933307229437e-6
6.556172393250063660264608746695497327535e-6
-5.323712267976005443162653580669062881553e-6
-1.992668419811244784261496056818479017491e-6
2.927498298747563206103421568207294438143e-6
2.884575737284733967698312010202541872146e-7
-1.391563472675517429744152826530978144121e-6
1.741494155360146710788452080984977999276e-7
5.724474537722301334009209642702905440078e-7
-2.006802303790688450035720133685954762407e-7
-1.983764722793502416092100868870120700981e-7
1.273794177155858867303771813864945887644e-7
5.290465000221577084421019244348242718704e-8
-6.293718263615910256614260016342530065105e-8
-6.841752876290817183296459037230662579558e-9
2.591386709796171098985742056607615407552e-8
-3.205492198659170955840469617889336216093e-9
-8.955782176182774723968431623857380801609e-9
3.191145031443437689648401372445253203702e-9
2.500456419865781205023679610072687121751e-9
-1.691089497850953229978901130355145686462e-9
-4.823148533794175702103052355219143818809e-10
6.833469708694523492525261164996819100156e-10
5.234827483849058336774119608093751093906e-12
-2.241133707210701446632273075476212581851e-10
4.939048379473834947720022179746236368177e-11
5.89472584133192638815391774560665146558e-11
-2.862235289258949294382030235266986916513e-11
-1.117673182750861745606454787532504164423e-11
1.098305987503430152911119461968745334494e-11
7.052509287422364126935799804138645980789e-13
-3.259167796942621571079977163771142508688e-12
5.529281587286874741956223325595028910653e-13
7.528024199332067530140410798046786039515e-13
-3.187992964119631360212848375776407556135e-13
-1.210063899818783208328143823655159416004e-13
1.081960202450042350654740546192357066794e-13
4.938245369128024641363982017327452035127e-15
-2.716609694695106043764593836766679286835e-14
5.087312101470914492079754993150707983534e-15
5.057115297658735646537618597468966079052e-15
-2.300732238486852928836283417315608093169e-15
-5.736218442292028090048140475651217731302e-16
6.209542685674954010655082999349620187551e-16
-2.398747939940269530943740273816529364125e-17
-1.197258056457878102956074007874126279639e-16
3.222801131171621496773047806565887384412e-17
1.546401597180682897131605300053041029546e-17
-9.538409091590542147862015764561976869669e-18
-6.014657646044670811971993080021166382942e-19
1.810598630399175058101443353009959021058e-18
-3.129927022974945737991924686014144930026e-19
-2.272175354583859097534337589837897411573e-19
1.021772050893237296567917295545672296878e-19
1.18366135381148750314145238774660365648e-20
-1.804914685231711634374814019550297883336e-20
2.40964292581030794701456523734549841106e-21
1.982267117868956117601105686801798587942e-21
-7.79296214539114650162791489800695675583e-22
-8.125950355913181470184051374060228130692e-23
1.166975467649109116378179376906920779039e-22
-1.673728408054622108586493035012843380035e-23
-9.794755783628716676265284385037354472644e-24
4.101674522669503269258967494637353812025e-24
1.194417720331668596340261180952870572731e-25
-4.487732509062797135450148527046828714997e-25
9.004766527539538707836049149242799548144e-26
2.1691492396258075246835426488651456664e-26
-1.295600606285333537548585120787203315531e-26
1.086926878384459056519486054482235042329e-27
7.983783058074126537932998114530017042467e-28
-2.629895899402142587034652987711148213656e-28
1.842128407403279197893575686902023321025e-30
1.737936060604189753390034492259738248663e-29
-4.024527734241118294838728565395743237526e-30
-1.254602752252268049301041814648317630692e-31
2.497203599332009328676276685859831320013e-31
-4.955729185188023213149305323402214483992e-32
-6.031336012381900725452734475775763966668e-34
2.25334762318964296852913667856465748465e-33
-4.795721272478015205867154865480519952531e-34
2.869455619586588678953555275950655955385e-35
8.34909066265703436378215083022505570853e-36
-2.624639250251018958911218486804703003134e-36
3.917650691815694974273539850700864223801e-37
-3.703102491733798603829215094945220688108e-38
2.271677549226477728395943076680999947954e-39
-8.36698094417608483672509885401906275449e-41
1.419113636219690755589228776201118313779e-42
