# db94 scaling coefficients
4.809779363034577183381802681405252200037e-15
2.927911456717612318690393597276506311352e-13
8.684675333899161183344728688641347114731e-12
1.67169497120686685236032941097292722215e-10
2.346252270395736734810403825068211942521e-9
2.557571410394888062110894238859496238443e-8
2.251979984436826479592426245058497342832e-7
1.644566720546001050676136644672570786059e-6
1.014773978456837808894419130910374368195e-5
5.362314155404244725200632103368958396777e-5
2.450338212053134721536311696754780161234e-4
9.749367856862212473485298743770970455188e-4
3.392769912368278558127448234828345390524e-3
1.035057280776050195188533148594578132285e-2
2.768528298241371246626683002046149083279e-2
6.476648408853502558851638684575774507813e-2
1.317596400163639366188923938372656250433e-1
2.306445206814342213381465542176766539406e-1
3.408831994909750829705651748096850538642e-1
4.103121738745460734596770521849881914715e-1
3.706546061633773268991359287353795104143e-1
1.882876205430984579556255122715782187978e-1
-7.619623557266997371927351474835690875783e-2
-2.667016761286441626006303015312742172762e-1
-2.374485649638190556804590786145449700512e-1
-6.359919321610440180632639001215406481697e-3
2.112929146675987132159501622502316562431e-1
1.918621661122064153225399356538525908018e-1
-3.991939053574516414142209279883268302146e-2
-2.060192743672171326959430836120710653459e-1
-1.011877946884854311176261142606790869783e-1
1.284574351410313596902056089316142817125e-1
1.647147936370695350056777614183645237963e-1
-3.584469195733874714391961384987287009704e-2
-1.685741895036155005678406945356455039088e-1
-3.617677114725996165204006276645891127036e-2
1.423267037811572940133622789888355902237e-1
8.058761672235315086459956720452935195383e-2
-1.073435146361129911096576545648194069343e-1
-1.023904371147700263684217290814627978989e-1
7.48480226943120273449612724235420848671e-2
1.090622350355303426732311835335723748444e-1
-4.914634903647273949836656226759980737331e-2
-1.068358211211416317458224414973053486819e-1
3.087826756290347427908912657959468069485e-2
9.992736017982194422455952220042721642151e-2
-1.910651144460647052543050273195042007516e-2
-9.084947213957501867320818116459122386294e-2
1.240702301897770206499337911592473182892e-2
8.09538514987583575469789343065608514421e-2
-9.352041478832738017708823713539503168517e-3
-7.090202005753839522978169950072203508253e-2
8.686893976588752768384517176152073914092e-3
6.09990928513944963277728134647574209564e-2
-9.376314926128312002683602878394674609508e-3
-5.140404410011056798947010189843002792171e-2
1.060680659988224833408098970683070613439e-2
4.22460213062316394189732896614015041976e-2
-1.17794801824567688291466359244859050406e-2
-3.36735455147901141825678139239304029005e-2
1.250121488508011481489956437940205269136e-2
2.585834863897264479450912703316499846184e-2
-1.257086890042321505215266983004246644356e-2
-1.89722606725619371482284462858619187688e-2
1.19552602419737838281670335787021221204e-2
1.315344629520343674119753805935884582939e-2
-1.075255451227913770284181706383193461948e-2
-8.475798740325794018334898173769688633031e-3
9.145460770653637069643795326349113690292e-3
4.931368812042901612327442433482118173619e-3
-7.350794909862916811220902441818542182751e-3
-2.430394825995338907107238748366514073202e-3
5.573854637854677038621219426197687727666e-3
8.178527283821783083994782355615401695279e-4
-3.97506550267043084537701341240213337445e-3
9.907100666630128187020109435908661496154e-5
2.653040999389341441427740214148478782746e-3
-5.204003062344018899576862445242791823295e-4
-1.643900443546995586896678578875388890905e-3
6.270711377952303519855198890282268360427e-4
9.329583368483213115492473623449620832061e-4
-5.63794063322544423890940336889327096213e-4
-4.72868940009505965233789388132513425811e-4
4.325592796356756568977785227935100522792e-4
2.023180735075537377644329491844634830422e-4
-2.952386036417923335405042639026376963071e-4
-6.09601603767421572256739266556570974745e-5
1.819410612564882644889641737207855917033e-4
-1.389071158241310848548722613159474010091e-6
-1.014354181484600811963676585976933095127e-4
2.117726084468027450131548273130186294321e-5
5.073428552096545408968893779314655397104e-5
-2.168672731400182815216527056192285309172e-5
-2.223322828131137524543087431483003989716e-5
1.584710335191132769001994832878030789821e-5
8.037245915766606509865929494410350282579e-6
-9.647433861971750193181650702638779028937e-6
-1.93687834647734672384127161179654398979e-6
5.106435339302928323279723509909982366409e-6
-1.622631582134219949622158624545259274778e-7
-2.371896803593392186808876822329275633824e-6
5.864249054852197052878626396727841848602e-7
9.551191619563816840457958583671573398276e-7
-4.707899866708073996828757440726460069271e-7
-3.18797344775023813484421079028850366887e-7
2.741828221646455025098726586171850755448e-7
7.577150784825179045943268081886128282652e-8
-1.317581887979682577560494274580558424179e-7
-2.091905146240572216207316950232829495769e-9
5.387714015307588495474087206234574675569e-8
-1.116055098219282718952033082241477488126e-8
-1.859852214435566358688724837625017020576e-8
8.453892624325174087187676523152807848063e-9
5.129219368250713771637106383362696854018e-9
-4.289446716808747295028418515052618523349e-9
-9.022096513954573091153273926666827988078e-10
1.737839799679374393984415863320867825862e-9
-7.624931578574914495095454160751902985806e-11
-5.815460456535794812146468396938041438535e-10
1.577347301780957411527440906155588812081e-10
1.570690891525163059653741351099115405852e-10
-8.706631006913320156739918707307919291525e-11
-3.028309908389953112955900128337893253162e-11
3.414899794866795937046634496353384551612e-11
1.489479837334408847064248655456570304431e-12
-1.060531577720070822239849025290160172631e-11
1.987824005022137300526821290497690270063e-12
2.604679952390038883622641354271016300324e-12
-1.158587991509644370160886516457238019993e-12
-4.549579695055415113125603064624883409635e-13
4.181595500247885300350981005736132653717e-13
2.458164297749377523095442472089749761952e-14
-1.140665762850557784100697768237432780227e-13
1.997316368163369951650129654183890578539e-14
2.369182929138375475838939278443818651399e-14
-1.028663136576782047477051933158855955009e-14
-3.245238661425307895765177023336320085143e-15
3.125578521665642282708549907948966830932e-15
1.420805888462258304687634548434272754918e-17
-6.923134035793058273745238838485352977217e-16
1.561392557666941899179436296610708098895e-16
1.093395298331938857161517712878709610659e-16
-5.707028789382156447165356430570097547824e-17
-8.67487899306809725444800544969687667662e-18
1.30725253715929102478149864177588937521e-17
-1.363419625471949033291394183027440965203e-18
-2.091139760760608518081974848429734624032e-18
7.23901822850426385408325022813920694295e-19
1.974845255741004788891767712245016879122e-19
-1.67567818899104161853045822492397504241e-19
6.025833104592445466718832967960077380415e-21
2.528232282818226959762047039029395739246e-20
-6.718726722373112384433042699210265595748e-21
-2.241844864960930940066532331675222733193e-21
1.485076060284839385345273486724781024457e-21
-2.550288695727764894313294512928265703163e-23
-1.951561690333226417392979710318488162986e-22
4.786746981194794172491379126844086598064e-23
1.369255774335651878740437098861610681949e-23
-8.936822364752002426104527012660541634342e-24
4.324561273441803374095825459493309444345e-25
9.070846648759958843573930488893357254625e-25
-2.528625565748060437831239739536883123987e-25
-3.659149364648580872287293658169481206961e-26
3.339573256617792211520869693503366083503e-26
-4.095405841441599083476196492489657547943e-27
-2.097894731986995162329085141627560775531e-27
8.278900116346215838762582621535991381533e-28
-1.490127431376009923575801018842888022936e-29
-6.107901914033633749171895345115674762183e-29
1.486736258074103407520282861829018540498e-29
8.974883316333639237089777466968918451214e-31
-1.174095348734552821060419169970363814259e-30
2.087809274609682504666632938236384385466e-31
2.036596545644281284985367459967874597597e-32
-1.567916794756465529557363380349118732883e-32
2.507672454946312621075163918062089032252e-33
1.491685688476651939357863167587194617865e-34
-1.370060797794413688165894265238167355586e-34
2.497646943231876902887789197133065199495e-35
-9.645125117496010868000494450097105299011e-37
-5.280102801143349598859999758275271413318e-37
1.42334903358216357340042458666025480074e-37
-1.990216934592731510929486194837068236555e-38
1.795595340521119870531715467843152426512e-39
-1.059541570847019242145563253689417037941e-40
3.769626342495916127577589911269787631292e-42
-6.192492927642877857317025787426785844748e-44
