# db96 scaling coefficients
2.399194840325224601238298812854898483844e-15
1.491115518544602654144398815156817190291e-13
4.518045384034386564776946287909933328224e-12
8.88891631551965354898763137196593119821e-11
1.27595732619792917571855330269118947721e-9
1.423513448689407001730522987661860746154e-8
1.283826393486842198141345742494680424437e-7
9.611169067029829446705187389465349589074e-7
6.085547945780931595815387392544184103233e-6
3.303464802564094167292762428691666733124e-5
1.552692456859404873621587624668990050873e-4
6.36394855219376266835516311177500652956e-4
2.285425667455460284967553647101997066524e-3
7.21069052763563169965263670648591605727e-3
1.999999175478644098703759470946896957539e-2
4.868623567138445441876293975597487294269e-2
1.035484849874911497297568707843360841639e-1
1.907735343851475872162375804293486838253e-1
2.998774987916535063069743636316619085303e-1
3.911882457334478815241221251288112945684e-1
3.998260366982287197820163014508658105301e-1
2.725457986744339041359791789538990223397e-1
2.82195341815770194628369194110940551095e-2
-2.104747554133253643227919026363715678928e-1
-2.783721259329204603117325602219316245413e-1
-1.139489051210275953584208619021579427275e-1
1.401405776391199670799520343116678083184e-1
2.341022090543755716646082533093031761637e-1
6.90954976234002737851357000539135728506e-2
-1.622908707223806056353474872752729709549e-1
-1.786378278285140767522968279435389540805e-1
3.45365025475923755125776528719861493105e-2
1.855794927843910251244434064834091529692e-1
6.756158463986724142734610285368673136316e-2
-1.388968338418690081015902734545310156656e-1
-1.2386093479956162211284772886609378852e-1
7.915091094681036372171348378235251179373e-2
1.430139400497710216759533506604633248311e-1
-2.703561526316198414053274458699937355294e-2
-1.397981606499319394345950004817092894033e-1
-1.089193474648460425201691776488660540721e-2
1.261208200470409377688490121869855968108e-1
3.503852202273868219762244099992486968684e-2
-1.093749519732708390122455434344659422475e-1
-4.82165674456276461869982404989763378004e-2
9.336407186120822510462958535781030549884e-2
5.347921440011472358558566845530968833921e-2
-7.961617053668662763162217005065697602573e-2
-5.335440423819400585317625176950594548073e-2
6.840552892357312661746728240764960084737e-2
4.97257584753231953721941599534763319495e-2
-5.940612854019966711797293261688500589161e-2
-4.394620764538845579181215468045891027115e-2
5.207050748938712504347508642398634551347e-2
3.69946259237886683360026085763032525455e-2
-4.583732567761917651308224712748845380309e-2
-2.960349819605814948769639270633164514489e-2
4.023945730215828011535836355221959364348e-2
2.233979596886125619041949323892987361113e-2
-3.495359020228356544835977549041338244656e-2
-1.564386477469752976300899792489220618488e-2
2.981208523405521248471037106329651076091e-2
9.839568570827231041422308072453995914777e-3
-2.478777765472789864706501488504646548276e-2
-5.130881872545098264482672593923633361126e-3
1.995932321549314578268883962990156118106e-2
1.598462327133861079862201097313723348364e-3
-1.546518723028465876651651949659567073228e-2
7.94340267680513687919652106934387702648e-4
1.145555867154350923119848456081090420574e-2
-2.182054182556212331807189821816486470946e-3
-8.051381656568778015703717535559845895235e-3
2.76579067455131153426334264224919733521e-3
5.317537529342002783352568538039033186505e-3
-2.775827094418904961085224191170706091126e-3
-3.25333834112129057822541295760096559434e-3
2.435621697877453453447007212951938145329e-3
1.79907151850939130913052871933658634365e-3
-1.934012888927067097759301387681280815214e-3
-8.537524138480805093895665213867608277368e-4
1.409578043938242027120960977149143885068e-3
2.975036921521880044883857222270389326078e-4
-9.475799194676964747579249428315472625971e-4
-1.234685375587741102654829236645601050158e-5
5.868841767128304862491328756972476378002e-4
-1.028360076022433242243889686313425771359e-4
-3.325513696642711889273014900910326273124e-4
1.247797010575851769679827667295938963933e-4
1.697036838302610530811762629094271886648e-4
-1.050292175890318544276426881962042711281e-4
-7.536885767075213676751518404542654837884e-5
7.370976921543441916776014035316456451665e-5
2.663431598136650430098029015520555222386e-5
-4.537715240627978131362323270389805549668e-5
-4.950696075570602087904153133599909512967e-6
2.490238850401201399159266343453478948927e-5
-2.596023813360453891631683341014416168125e-6
-1.217378528962158676674280782277833766082e-5
3.860568903808715679314797263586401120615e-6
5.212924861974921258875856301349091663338e-6
-2.98846238201001044313524288063207932188e-6
-1.864385048756711821097071147167944809801e-6
1.811527835324375136115428691821948267866e-6
4.767827993841116391414665555350000511876e-7
-9.321052968784487191512642548341293549204e-7
-1.222611822464508063556198112457177989285e-8
4.156215642385323299297241458927163197137e-7
-8.564519551331059508968691543643938473957e-8
-1.593689169249613391081568233802433570083e-7
7.123658469405286080703496360194810543631e-8
5.032993731458713297047924338259533234839e-8
-4.020396634528821273383728682054112404439e-8
-1.123158709634012517855283319263983775658e-8
1.83443024798184675271244324047042861766e-8
2.481913431375141479206632880274561754452e-10
-7.035977986935988224740350042537838429587e-9
1.487416119321635580849909773141765810836e-9
2.249482803669258193940897151628782853964e-9
-1.043888203007452584650625328415617445963e-9
-5.611334382911685663947847493868526772471e-10
4.901490549663515079553025621929845422207e-10
8.052930733921668574530304269410684274359e-11
-1.825955002064253385605020275170083302154e-10
1.502174545511161548759085499701704035943e-11
5.552168506607263252614171385531833512535e-11
-1.74122021053105774942009630232665519555e-11
-1.327092205963912058096641043745529162131e-11
8.33449022678570362039454218277371441212e-12
2.056898580368695203546932142071158805168e-12
-2.909923933129170443852826503620149611363e-12
7.65143170143845089262863694442534540978e-14
8.00094373086169377886473242331254187228e-13
-2.045383544183181466950746839234749906907e-13
-1.686909411635455247568818907858934030563e-13
9.268826486129371058938988511628657581268e-14
2.227128484369692219222838002376923832098e-14
-2.853349175924146149659591663692905649947e-14
1.053455645615935562560904267282212182329e-15
6.652858478950801368109562496454191707135e-15
-1.778309588839301736074656945925356153831e-15
-1.126860646926444231111837434366479365937e-15
6.601173626992260183404649364618092011291e-16
9.636591847977925384602504687985788337824e-17
-1.640610432017894872519698100446820640062e-16
1.750314931716388083461247801678425176162e-17
2.954531773369605712539358060585448647351e-17
-1.028196249116709084446181212798321065062e-17
-3.381964141824930388152327564167426973465e-18
2.724225061015631127027567464600450859965e-18
-1.874382229076228028267795619024771552229e-21
-4.884777221277757727820507546567597444002e-19
1.124064163964975049808405199005300123659e-19
5.711435293292183620246274770860136283234e-20
-3.162539203205430056471867094635728452395e-20
-1.897689960614099586372878923469823945837e-21
5.347380182555937291351632669252084050387e-21
-9.378772381585869749493895895441524029148e-22
-5.660550088767539341060720815331001156276e-22
2.619327730378275416863413110017597297398e-22
1.758001576265386415245187261413341105301e-23
-3.863662229714804823906047037967229095065e-23
6.567182641951351653661737087907853349124e-24
3.262800779910625528102365822486994465012e-24
-1.522693817395223215070378885045945114739e-24
-2.657261658757012267081483242979188857681e-26
1.734477256056601320776048035394752406963e-25
-3.65868281048366059708186256255316945754e-26
-9.266040869651961573660079369220371407663e-27
5.649887675075182666054552029222649546533e-27
-4.200185551728290499509861371499008289867e-28
-4.052977720723348772152135340518689618926e-28
1.270513980798173958122988872407438326213e-28
3.8292321006012011444936705207623804515e-30
-1.053463271124989830760032310892129908512e-29
2.097911271298246554098011676615576990262e-30
2.439747587534934907624914259522378046343e-31
-1.890426492298857004745175417226840452443e-31
2.782443786731289053534599598142291074353e-32
4.346795319222804113937961990365802657845e-33
-2.42312261154268509823609390131015858086e-33
3.3288584902909494076763583301817155042e-34
3.2949526002812209997228881366402014864e-35
-2.08268441701048831172606272658344830691e-35
3.436816612889943800828466006163495463593e-36
-8.10354644130762619973709618942357574859e-38
-8.199922861527313813851919356230934625791e-38
2.027357014559527207873791576479181398125e-38
-2.721545626310091853404359758042460266552e-39
2.383335274322895953250207134342736614993e-40
-1.371539174351404128818377074603466001595e-41
4.771367897906620811099014946625593165375e-43
-7.677098856247037770109375895728861694561e-45
