# db97 scaling coefficients
1.694506774593636416340721543853876267772e-15
1.063962234851813358224506145103074455636e-13
3.257725177112171693100438718381564849489e-12
6.478629783115958101152865617415967109753e-11
9.403160371952214844745754015469316967002e-10
1.061081321112709197135492442266610723034e-8
9.68287699424873550445823719215401537334e-8
7.337794240843616480625580975993892336469e-7
4.705250879055777726357281630861898643256e-6
2.588073428518763810883965287440363085853e-5
1.233333057092928814402439016795405973273e-4
5.128816943495707368622046843483311930046e-4
1.870325510640463653953109081738392996704e-3
5.998265928496158842346085402511426087476e-3
1.693248029037082360914357124759031992392e-2
4.201764701626167576840854859256840288996e-2
9.129028580780932559793740187714706330487e-2
1.72324292593084276526911750547883680022e-1
2.787931306096553987739674898256961332246e-1
3.772167091554864079070138937749154255909e-1
4.064075966782393060026401917459005594837e-1
3.072056153603190147170111186812371730079e-1
8.028186461590980178415334515288261999888e-2
-1.716755360642673788264330940839250904674e-1
-2.835403384176840070281988446523664658476e-1
-1.618237066626611840539487453311249061158e-1
9.298327320819382193436693229727021614172e-2
2.365707315492046529627977833035350220122e-1
1.194705744247748759533734526471708966745e-1
-1.232747122730020955681668307527787222184e-1
-1.999200665299944202680366069037154656053e-1
-1.88592063343694238878406271728071346091e-2
1.735781882413091967972368228993044403971e-1
1.134514270461121900169895561254468687062e-1
-1.037360544738304728463806622772642196696e-1
-1.524975086498839945788769901381996132856e-1
3.304373781996301667769459065347476800664e-2
1.535460451563553169643257949119783190258e-1
2.098873526432419508918038800398082201945e-2
-1.356015313895069581940737507484175853568e-1
-5.57584459919038623675016114939750144056e-2
1.116610834616886451693811774330348723755e-1
7.467463198853827873789082385913245258087e-2
-8.87112498072149419657717476214951935946e-2
-8.235862185899730064829303303885627357704e-2
6.967557218413327913230043058107554284476e-2
8.275025047604568588026353417304086656297e-2
-5.52092711615534879994694441962428695248e-2
-7.867814644135664447396515725683914273923e-2
4.4882193143688728634162072867343726007e-2
7.200021508113824111538854257193036170225e-2
-3.784381388341767664748411203409215497919e-2
-6.38868918798269460497727584716062814827e-2
3.316066177842002972560162363838494069603e-2
5.508085399735287398839258410491762741879e-2
-2.997561723296268273106690380850256845252e-2
-4.608598144979413645794828020380526121613e-2
2.757952534176426005062554092559948417189e-2
3.728431699329821150204770070577702317428e-2
-2.54410806765432196665876316198749486176e-2
-2.899440402252657013428276858038766877563e-2
2.321411693056016026292563285109985854589e-2
2.148777437021049879459218518035597964005e-2
-2.072812311362551716791281632259816845123e-2
-1.49803245609788602617592673955629798133e-2
1.796339835756052703207320212932425487057e-2
9.613935975334515410120460935413328171919e-3
-1.501295045019259636528069859285295091535e-2
-5.440993889776576771841767336357850126325e-3
1.203599257799554682339632790954121863151e-2
2.420305044595488172705287727565281473853e-3
-9.210344654321994742243468637698872964666e-3
-4.277508061710515489921408747475497799946e-4
6.691693631930843485301830650004825185374e-3
-7.201004118961419936890195869754571458638e-4
-4.586031901146439179594267813707827503488e-3
1.235009763257465872111756679524273216273e-3
2.938193723376776319360195812742867177503e-3
-1.325908279912455822960317134744552328137e-3
-1.735434429508601789583590392098114464385e-3
1.173985543596782107470631099174173002385e-3
9.217622648261541435255793112250394183378e-4
-9.179154810241739593221833375748747500012e-4
-4.17154191844704258274193327420265434204e-4
6.49908293039390148109256924340967454603e-4
1.36079427200601935424417696909945877223e-4
-4.205425237601980575711444243180638020944e-4
-1.459086950544642737693642086053990179242e-6
2.488031864802245773643384461723837549464e-4
-4.75311493657510116258301475708261934145e-5
-1.335974851407138861741153213908947330842e-4
5.338544394830224081594584763257463054024e-5
6.390575782118072638101653879205852033585e-5
-4.224489921084037881180051563785256859386e-5
-2.60700637332517843915836904767340297512e-5
2.79004142912503145345499670722081552968e-5
7.975997465721120611653696893718680490007e-6
-1.612126568616578775313062969747294207216e-5
-7.108972785723028310522659449749334097908e-7
8.259995741392449958449225935054051583335e-6
-1.391070353485650382420088801810355150651e-6
-3.735075654746016539050106090390720577286e-6
1.464890245210765807760071071962774080259e-6
1.452695194691863506515489116491841175082e-6
-9.948154792643556570599968026573780370868e-7
-4.506497871213023202093851548177950302497e-7
5.465491483707582301193772786401621881572e-7
8.088478692172855080370800571756119193301e-8
-2.563858116815703213636476453097903251381e-7
2.154017780779524153420321330432295397415e-8
1.036151779427464887643947037598244614354e-7
-3.185250150271774812199047229569307584195e-8
-3.529909192245081278280356673696897175201e-8
2.065074917727906019690219907200382873621e-8
9.348394592143032133282878725531511796567e-9
-1.011197244647926460470595714460029906722e-8
-1.305019500360431058795897811414231563048e-9
4.08775119481776842562877063685231244601e-9
-4.383358698370974916840589781864392689987e-10
-1.382073459624038213806407151090545632511e-9
4.680876547876830867165843665422481074851e-10
3.771331402467891828513044111814219523549e-10
-2.460957601279151302992193034879739558883e-10
-7.122128521402567354759944779054336754065e-11
9.757949270344388364118824468933620515219e-11
9.128030293334954781587046305701494630197e-13
-3.128804866108418586895482098210506834446e-11
6.851670309155699745746451548975318390504e-12
8.025052744077142163076850647976342760568e-12
-3.893586718763303596166911921361684218592e-12
-1.474149307972319287262257985191196005256e-12
1.462192140876881211596721358292180943097e-12
8.229613390931632075026251847930874295728e-14
-4.244103630385455382926065747991169676582e-13
7.499886373378618575573174191766669184751e-14
9.569973771481381631499058072399064480914e-14
-4.150817537999102112332058740387511052991e-14
-1.486270661824795871345625813609033257468e-14
1.376902888233461420858399929071901375408e-14
4.621525675877423792091531383542338774509e-16
-3.391727704196114307367309032640135995349e-15
6.719511455936333133550190032214504605235e-16
6.18704172204920651147494476592908637314e-16
-2.919040925466666419591774584735694209497e-16
-6.745126671521145831693519425563191978342e-17
7.748593509609122847861354952849742758356e-17
-3.836009189758234282173086529885278383154e-18
-1.477951970681216183718287111917140593149e-17
4.152079832405049571860490612957212942537e-18
1.884945080393176913401114914228435931887e-18
-1.209811873085373856747277392554338152868e-18
-6.569119555109767257148146277716159029756e-20
2.296016976670148848553962895840961670512e-19
-4.133807236047042680591825768245628198046e-20
-2.902286895039561061828090959395748738873e-20
1.338637597992836025697473017983521407271e-20
1.525454687996238390462616574938663033734e-21
-2.404349582618948927344206133903298704253e-21
3.229700042459037149081950524452405898602e-22
2.730370296754171792831092728791158856859e-22
-1.075055736247831560241254325597943256037e-22
-1.23587503651759117860894886859842369869e-23
1.686748744942855520618932995366081477489e-23
-2.285964978660636145270068286943869465539e-24
-1.533310687549238640679952250752859568275e-24
6.173742410626724423842576962184720390873e-25
3.288633631056107526940554138971897216486e-26
-7.458356872172614398420346278341737869571e-26
1.350054043244825582760278341731923055978e-26
4.407304689636255854190260083863818587903e-27
-2.293943272848130448510533914778876397814e-27
1.150802997369451180190317432356609544946e-28
1.748649802279306409211370629994814281117e-28
-4.911817880786568944689026087219657592173e-29
-2.787624035610418604336214622446051787133e-30
4.326528730449749977476771865598515212132e-30
-7.76030266896188231909119241798784362667e-31
-1.163097484379136625848932109097489099606e-31
7.524499269068723115174578752942962995381e-32
-9.994963158465726656675683639255082222981e-33
-1.927684732319173050275688740965586366849e-33
9.468343479486610781441074252030214437433e-34
-1.19982400481389660603407422551838971626e-34
-1.469060179900117216023421260346374353547e-35
8.083144446799600599978950019964841728389e-36
-1.269531850408856024380282084382317165971e-36
1.986939578278642007854144692794915243771e-38
3.214260690118465695550632759782631128911e-38
-7.639017077125768252915556716919503193938e-39
1.005529786541013461541108964833401814329e-39
-8.67858578843308041022033838908445060979e-41
4.933232653098380756763157590780029994167e-42
-1.697361679166936039050637797159785486866e-43
2.703282851655532592288745706711584374858e-45
