# db98 scaling coefficients
1.196812286611174535522946820633626205783e-15
7.591036627634225396529638718806630821547e-14
2.348502372420802149838769662957855216469e-12
4.720417448809121481477299261225872299261e-11
6.926625501930075547589168298177328910195e-10
7.904780973229234827497000645101486355783e-9
7.297877841204162967476174043393950746158e-8
5.597373168085271300932596599855196503245e-7
3.63433650644503608340152951927025150551e-6
2.025190564052381752722965596224602152136e-5
9.783011183238782454585811447006163186358e-5
4.126761803488366858710590315268819396063e-4
1.527776659791041273246962598544174124929e-3
4.978976359877003585574096644595030261586e-3
1.429963165370162843805997128710587560138e-2
3.615619595983062878262537777081330903914e-2
8.020240031794516440943172144225318478956e-2
1.549961884598222422737026016021914023467e-1
2.57785589333167516857757724965478356093e-1
3.610349581588585312759355341526087585009e-1
4.081643771279440978697232935268668680054e-1
3.364373180844536668501063384864547436054e-1
1.305748929071109340489226483864187804427e-1
-1.276218971179588806600694625584323367813e-1
-2.786044366295342663131088726882947990093e-1
-2.031795533884361323096642784546926324289e-1
4.124085257772363288854184071207408351035e-2
2.265855690015406010221040863785434996168e-1
1.631588461051932647822954308558320892045e-1
-7.619582987902673420184348863289118034659e-2
-2.075671252835747984507337134830873866478e-1
-7.123218226514909427323768446873955059315e-2
1.477376720563398192331160061648955457883e-1
1.501808452947569737672919023796834343253e-1
-5.899957581486694074081211204837542616088e-2
-1.671127640858249435833686529907632325193e-1
-1.685502159490794702285815074875105641654e-2
1.483675436943633240054361700862358369502e-1
6.743417718124923364532472821826999220218e-2
-1.161420763284149037361322307690586529895e-1
-9.491819784549276873286294598603833327299e-2
8.346355209306108973907366879928426120295e-2
1.058500522608249675356383764647039023921e-1
-5.615071931221507981527814085106306812896e-2
-1.064765471801057616608475212622716342177e-1
3.580662020751874814700298431889055376109e-2
1.013579793107195725596728582808956048581e-1
-2.20150978597080981274451634261952249255e-2
-9.338021646940093293833201987024799968219e-2
1.359777505273240840137484524746340375394e-2
8.41857824628937122349807360656619070607e-2
-9.224030321784269862670164641456121369311e-3
-7.462264528334653110728260512830299717146e-2
7.662253053570018570063810115197797848773e-3
6.509096973397451143374853374370470374315e-2
-7.861724486495666046373297929588686136765e-3
-5.577714971575920789093048545402665152239e-2
8.968135957646839432705526099305134827856e-3
4.679568427747299594648204602834343935822e-2
-1.032012306954350649434325842601272355758e-2
-3.826251309911871078950085380472276174899e-2
1.144310811760161220747342582973614760968e-2
3.031961708409032226386452915768447575958e-2
-1.204155707126196051590636761620674875106e-2
-2.31272475496750931720404658170108820816e-2
1.198526948236538723611415621133722044171e-2
1.683819874281715208531211941036233534368e-2
-1.128557809391605863121527875010952302325e-2
-1.15670739699170510063478429650894466009e-2
1.006058911742378711260845117430271134356e-2
7.365282320891975136058022359572007435434e-3
-8.492641022178914420357864670699109440079e-3
-4.208959633933569624184362943791023228343e-3
6.784235565675897381574450071745527012679e-3
2.002448823262933740204938155049445862298e-3
-5.119686616693258914451057694246219483438e-3
-5.953975797674017333596127386758199566266e-4
3.638395496346143825526865586434887015895e-3
-1.918809085810054934593526995102656694588e-4
-2.42260863721914804544395047523862125747e-3
5.415534633943113710944995464802503529443e-4
1.498906946916387924256637351827887067139e-3
-6.159663339675520343783891692860849643729e-4
-8.497380005897964480530411303643562010209e-4
5.43658078001865092144406112916905888764e-4
4.298503515703547778291219297732530599641e-4
-4.145840041185007478792028074355606228468e-4
-1.826970110327153455722303045352394989251e-4
2.830087453565633427835002859877451512499e-4
5.332263836345803252916929266988635991823e-5
-1.751384681677255712709066612700780762019e-4
3.800875694019708278829667898142621923909e-6
9.836694417432600678109073904927821582191e-5
-2.178677255729295434191772997313225026775e-5
-4.970669693694213282288155951522899101398e-5
2.190405389221155399218988677544814276141e-5
2.20721460787464178882991954225898629357e-5
-1.607642369133729997386837502300690237986e-5
-8.11497434579534896949288124071052534363e-6
9.907671414520262302583324251242212003215e-6
2.005796833737869765480915468016510302808e-6
-5.335646606852446924959538633394031543538e-6
1.524405523315363346260998043038722531567e-7
2.533365437818097736919388508216891842201e-6
-6.149339336826618829231781593295437521576e-7
-1.048738696819394180868008523947497347584e-6
5.089177654846606594139116196382530336954e-7
3.633384832564603781665985468692971174081e-7
-3.054562541943471839718306854356457207499e-7
-9.218870846466494126945845895029608716211e-8
1.517539843909599738591099945890615449093e-7
5.638612663466641527594823038860780026762e-9
-6.448789376656989911019647147730050625239e-8
1.197582645333747019501831452045426903481e-8
2.333739823832637024560099001223054150744e-8
-9.94651888933273222644706595679807935161e-9
-6.875215875869735708965921974893394683909e-9
5.350549534269988329582314277674791244355e-9
1.389090880840523715894288032605604052822e-9
-2.292974134236530190642132468634815900778e-9
1.130790406563347915958761284935973295988e-11
8.169215551009001163730694507976168719159e-10
-1.886873527901339448819330699810152820318e-10
-2.389515960083062045740897380210744208793e-10
1.180948011829788883219925460140242134649e-10
5.261569263108376299207961674666538131186e-11
-5.051063707500859895001591749773544202524e-11
-5.350175903294052696304692871672433546272e-12
1.709708127782362573075445035419979620145e-11
-2.252577940844039579762837145733058462821e-12
-4.65730087120736401377374937080770826962e-12
1.733332907964275398768096067295545490896e-12
9.580112461178093969915136098049683016196e-13
-7.136774659401126720615892281356965186042e-13
-1.041502873528702714209680966230664833502e-13
2.193023241651125435069148863720113972112e-13
-2.23840298077687274144127093322054572911e-14
-5.246828450081551132563746698802948697859e-14
1.780621161521301887548355138594957063391e-14
9.117523505945741425834370843144973777917e-15
-6.481328203038968931081003403681536261865e-15
-7.074031455477907018864207191499870962402e-16
1.689992060552777404754626047013336927073e-15
-2.25550100950192328717635760157724943065e-16
-3.286684693314867925358980346916796816127e-16
1.251813797534356749132426471978857515582e-16
4.183318786373770582520674828261030879974e-17
-3.587294463949806939465542553150223556725e-17
-3.178297784728866053452005662901012083342e-19
7.236190315693428066681530843959104059928e-18
-1.600600092104398212048745943750407719605e-18
-1.005651384532838915900561957849347706112e-18
5.268411090407009688779268664336453703693e-19
6.013171193048868372837659662443921361021e-20
-1.061136014321995484982726722304970458573e-19
1.408605892745807412059341143809350975132e-20
1.435637547602382500632679381992989652715e-20
-5.557471904133169839923852462119263851132e-21
-9.722621606355553173631548323601107936829e-22
1.065839672923080407479844017283562292724e-21
-1.007004293049119685198213612400934089248e-22
-1.289863303503410876852943033764268228847e-22
4.337060340917531860204996203286940984589e-23
7.335889132449215550106618963704329127427e-24
-7.276130917491778767703849299113619036584e-24
7.43086408109086500832769302681141602351e-25
7.0684747379531455517618563371581412764e-25
-2.471043614625784014991326598499868076717e-25
-2.281249893734213256811613109175272514654e-26
3.174416485322112332084070052845899045537e-26
-4.850038089955077413184344256458263887688e-27
-2.044238128384372719472735398201827376858e-27
9.232994790194048871095764839058411475755e-28
-2.352237353206746020942652836468894885997e-29
-7.465581702334612943136736266166701050688e-29
1.880735509162248160191078346136782459107e-29
1.615158976139891699014588019047485860546e-30
-1.764752008950160032621652307198892779241e-30
2.836141335139737050176122861179510382108e-31
5.359081046710613966616496054976110509521e-32
-2.97963124877269595004814711504265991008e-32
3.543430922677524844403899175411052415834e-33
8.389367956677522129192298112040201484708e-34
-3.68547045259414601176359537251529576696e-34
4.288484409679453724257220842098680782525e-35
6.403331090653137828747339426189605429518e-36
-3.128200395086389110948824287602103237407e-36
4.675877191573293710060719329127681481687e-37
-3.448330615479284376264501647304406107923e-39
-1.25599767831326001612120043529674814068e-38
2.87541448337001640649512533930848333806e-39
-3.713053073139029899473225489019506957282e-40
3.159131505160248042141090242445714027504e-41
-1.774091939110813072714280933472198782448e-42
6.037809348681981239370973730112842487109e-44
-9.519285398271693944123736775587300039412e-46
