# db99 scaling coefficients
8.453053371233546181110339342518912204318e-16
5.415477048866198361335034974098785388842e-14
1.692707996548378607022819619934972831028e-12
3.438296942896142008617091145981879812733e-11
5.100159080962792388307690719632261898707e-10
5.885594420791116783331039316442802886337e-9
5.496540979153810157458350356106393956638e-8
4.266194387273805773685292658377095654843e-7
2.804379447983189373756294842934243423694e-6
1.582886275291248510496010867205127664415e-5
7.749551753859717667082040056988394965227e-5
3.315285121497695937463060942500127876719e-4
1.245708672909946564797452450056425381248e-3
4.124260786164167591213162763121516556038e-3
1.204690240647310786208863185826844658574e-2
3.102424951624412781099522726195472233492e-2
7.022446768125949637823157234695995042479e-2
1.388423095629897217348302960059833298498e-1
2.371369655329054452466944250156946943153e-1
3.431561604156068765553126539478575974754e-1
4.055616979083007149973337021185981411976e-1
3.601243976880029227987131582939348120772e-1
1.780545860443668219961791780517335269742e-1
-7.978971488290311163672092607395899314135e-2
-2.640923335494244823540707926361524370413e-1
-2.365609105153861452958164681964909311254e-1
-1.260047863404881912979333396528574654322e-2
2.04953806580123032057647229097620193209e-1
1.978234619870983109019539444029252951387e-1
-2.412955068203853959078403173407741813467e-2
-2.012907387188852766296970271438799935202e-1
-1.187939626983254291705015319329793932185e-1
1.102446677034253650276720149022234824348e-1
1.748109356782890362105499326180968109556e-1
-8.699200217438482611621062547970980315116e-3
-1.664586274685160860136959648589440437704e-1
-6.567056315600581337269233511745475465488e-2
1.280642380239247749755432797420008770478e-1
1.073591476637260095272637856021074281051e-1
-8.357238195952288720569893507069801637127e-2
-1.238431717929012657141596096205285311788e-1
4.483138820876581223200737878502255969335e-2
1.246463618807514187188889181706670268307e-1
-1.57352315821466502406485957989192637229e-2
-1.172635908284421056790637550506566927436e-1
-3.807032249169180654677880452323206646677e-3
1.065026376902678132911856193026108093416e-1
1.540463220141066141235323587830114028447e-2
-9.502128570485877240751213742141991696377e-2
-2.096372479501760378369705108551389923403e-2
8.405758725285528877323275586456036700951e-2
2.220370570470794428139090574285174314519e-2
-7.402312224743583877611362681241363074537e-2
-2.053299519381625381068929558764739958376e-2
6.490888320649076029889859835355913666905e-2
1.706713460184253000146233970104103933224e-2
-5.653952070095732345566019930345806958022e-2
-1.268289189540276658846717694622294798083e-2
4.872205418347630751689255807436772637269e-2
8.064849695806762635970120246959670094598e-3
-4.132394265142951829058710495912404205723e-2
-3.732961469331530239495432400491513898367e-3
3.43030623564624841892242609691874051764e-2
5.445537597915128825967299120411300609255e-5
-2.770429664125604371097915950616146633788e-2
2.750924785290702769403983918620980745406e-3
2.163404869872464755637916650115041092412e-2
-4.603061246584883452429043988370009928622e-3
-1.622316451195732259573042114435839910319e-2
5.544583987400181807247057973447905612537e-3
1.158843914714227567116074614084145645315e-2
-5.713016643032023862558039993808293314973e-3
-7.801594444398095591577028106237449793624e-3
5.304491802211164849078986670126027936745e-3
4.871807590840111256443703116932849237357e-3
-4.534792506585537397088862611120086286511e-3
-2.743921453095892534045407505937579131867e-3
3.604546868736405422543830213435209731528e-3
1.310393155129169173507439742089407906381e-3
-2.674227216532670232292448761702470140121e-3
-4.319805445582599525857513600080020479222e-4
1.851826155066375272567997084644982065356e-3
-3.909733550302456264560681032366288218915e-5
-1.192799735349847167688632485248617918304e-3
2.391421545159209388698954210775443604786e-4
7.091944953341655858911252832293824822973e-4
-2.796824574965837812990678748899305981495e-4
-3.83531180712321552395315496399415881575e-4
2.419521772012360739793911003773280531883e-4
1.831399041052296915490881873050320032494e-4
-1.780257422287471600204979182720586500221e-4
-7.184916285665428104036590811451695684469e-5
1.162448187669890958322446994578422417308e-4
1.758113691192830307700353534701083586093e-5
-6.834189790088177798301536074851570613172e-5
4.112967016341069255563787876460803074077e-6
3.620118881069035129343500960429074837627e-5
-9.603495878760473727709975868382133399117e-6
-1.707926724786271352197201101314629886959e-5
8.522920443028433894370678257882594740234e-6
6.9524990370978899280625149957978019676e-6
-5.75109773944195598680788909743374208572e-6
-2.236030063467639563973205586521331463872e-6
3.284907465235166236809114682732725855805e-6
3.761053568282028313014572922338594807398e-7
-1.63775781694480783389653412932194151273e-6
1.767906848926064283509170668984270384029e-7
7.145477473291060128971939957150551177692e-7
-2.350224830339816611913818286503198335465e-7
-2.670952783239154523480825553983713327551e-7
1.614274422175678905935351375164348922789e-7
7.983525316188579677663546020458426516291e-8
-8.611241566828222666308134622686060635087e-8
-1.4340238133805140259788057021596900917e-8
3.856748374863100295146912691536451353411e-8
-2.767037982865801802996487121012894922364e-9
-1.471950485874154257222995610275174659597e-8
4.367737293025942197814626546974669380822e-9
4.682238285660233620327924607987994496943e-9
-2.70108158593072669943370971415048805449e-9
-1.132795340784520492748823498775161887708e-9
1.241544726882952106247119893281181994194e-9
1.264423345986275984827482227275335747652e-10
-4.663774604811239114698347459473440797189e-10
6.177914423070846607533229093412785370206e-11
1.446817483425862789052183896286051263482e-10
-5.349616725744308741107051641541294491921e-11
-3.530724092610229181782573573754174921694e-11
2.52695004930837188007152685714579967443e-11
5.403121293011161228203984646047825630086e-12
-9.07301974451487739646804868820900635721e-12
4.274795968535516274764915310238231163926e-13
2.611660230151396431025951950962923298801e-12
-7.227458271276832885505469655778601839082e-13
-5.845143104660219017517767350234452610378e-13
3.374022240109040659991260813302684139424e-13
8.392451508623450707026887568070078187805e-14
-1.104754884924498448431226422316760561604e-13
3.126613100892368085014251885633020277432e-15
2.79395873865722479754525242535065607956e-14
-7.211436056542399847811428482190084802415e-15
-5.289375100255698256538093700947262579377e-15
2.970015942050425175233040083277816566471e-15
5.762686185787391329854474134260545134878e-16
-8.238120629096264120243977442724660991315e-16
5.824349175156403857023702017737392215637e-17
1.698497159070189916500960871303166930468e-16
-5.170507957386182915722951974722234880126e-17
-2.416562706498824673842257222461684889414e-17
1.62693331622970172549024493726164988755e-17
1.148537356341554233331577492381572015042e-18
-3.473895168085154556481387121539508836968e-18
5.769953105148125232507303671098064975008e-19
5.18986246892673847576115138818805658633e-19
-2.24565105646343670991756607158249938587e-19
-4.080987235386463502640762957347965750251e-20
4.825180895791680105713730273983909323352e-20
-4.187933910786363173375864819112884125064e-21
-6.94398282052612277469801342919173294993e-21
2.25714185664721312579627223615211627204e-21
5.566055239374706221876490774883729990129e-22
-4.659423015652545775512406489812605335069e-22
2.556467670741439680922937374975934085556e-23
5.985322322501785432509557462131007254144e-23
-1.715864742042099999961995178911643765875e-23
-3.992147322178183033386084470700986879702e-24
3.102082146690055973490707994665214831016e-24
-2.14293845471714030232889626073301364488e-25
-3.205524673436990596702635313791411078382e-25
9.752299129694069351846254254589386733337e-26
1.326095499934747153246438682248856394723e-26
-1.337913667092988264700562956687675601156e-26
1.681834467611238725237253585444557382313e-27
9.293508773877374705164326591246215583328e-28
-3.683268228910826063341278714956295503219e-28
-5.305463479892361336117850587860412470322e-32
3.157084614340102325034585670168359533803e-29
-7.126143428386217574030936492259364070742e-30
-8.435080214674416623600042036710148060127e-31
7.151399584118468619578789605975576917281e-31
-1.022056837221989073983257252550188605563e-31
-2.407959600571312091229997888456211069383e-32
1.174008614352003175219187877395574335778e-32
-1.236515528313485162198611949048083555279e-33
-3.596399121678428712984379707228429105457e-34
1.42913325530759182831802869935813852575e-34
-1.518200662208310092272852413384230410534e-35
-2.742693697568605507722086379615539575054e-36
1.207305465984627575555067499561914990807e-36
-1.71698359382999937296922735514168031967e-37
-2.262508259774213193142699245508484809902e-40
4.893770650776569737893933011262318057083e-39
-1.081273676458074970705771275912164737976e-39
1.370347538774865018321029507550637895206e-40
-1.149594488805918473327391634292154317388e-41
6.378865512821183657698187748616889858251e-43
-2.147624911121596547583195614896326836114e-44
3.352241701200143359101065161467601947008e-46
